player,pos,age,team_id,g,mp,per,ts_pct,fg3a_per_fga_pct,fta_per_fga_pct,orb_pct,drb_pct,trb_pct,ast_pct,stl_pct,blk_pct,tov_pct,usg_pct,ws-dum,ows,dws,ws,ws_per_48,bpm-dum,obpm,dbpm,bpm,vorp,
Steven Adams,C,26,OKC,8,206,15.0,.485,.000,.383,13.2,26.2,19.8,11.3,0.7,2.3,12.5,16.8,,0.1,0.3,0.4,.100,,-3.1,2.3,-0.8,0.1,
Bam Adebayo,C,22,MIA,10,314,20.3,.619,.065,.896,9.3,24.9,17.5,21.9,2.4,4.5,20.1,18.0,,0.7,0.7,1.4,.217,,1.0,5.9,6.8,0.7,
LaMarcus Aldridge,C,34,SAS,11,353,19.4,.574,.085,.275,6.6,12.8,9.6,11.4,0.9,4.3,11.4,22.5,,0.6,0.2,0.9,.122,,0.6,0.2,0.8,0.3,
Nickeil Alexander-Walker,SG,21,NOP,10,123,5.1,.387,.500,.097,1.6,15.5,8.4,26.2,1.5,0.0,16.7,25.1,,-0.3,0.0,-0.3,-0.107,,-5.4,-3.0,-8.4,-0.2,
Grayson Allen,SG,24,MEM,5,84,6.3,.459,.543,.343,1.2,11.5,6.3,12.9,1.1,0.0,14.8,23.1,,-0.1,0.0,-0.1,-0.061,,-4.0,-4.0,-8.0,-0.1,
Jarrett Allen,C,21,BRK,10,255,15.3,.610,.000,.717,12.6,23.1,17.9,4.7,0.7,4.9,19.6,13.6,,0.3,0.2,0.5,.103,,-1.8,1.0,-0.8,0.1,
Al-Farouq Aminu,PF,29,ORL,11,217,8.4,.428,.435,.326,5.5,19.3,12.1,6.5,2.3,2.5,14.6,12.3,,-0.1,0.4,0.3,.065,,-4.4,3.2,-1.1,0.0,
Kyle Anderson,SF,26,MEM,11,227,15.0,.550,.186,.424,3.7,18.9,11.2,16.1,2.0,3.4,11.4,14.3,,0.3,0.2,0.5,.099,,-1.2,1.8,0.6,0.1,
Ryan Anderson,PF,31,HOU,2,14,9.7,.357,.714,.000,0.0,49.8,25.0,20.6,3.2,0.0,12.5,22.8,,0.0,0.0,0.0,-0.033,,-6.9,1.9,-5.0,0.0,
Giannis Antetokounmpo,PF,25,MIL,10,331,33.7,.642,.213,.601,7.1,33.9,21.1,35.9,1.8,4.4,16.0,34.2,,1.5,0.8,2.2,.323,,8.1,5.7,13.8,1.3,
Kostas Antetokounmpo,PF,22,LAL,2,3,3.9,,,,0.0,34.9,17.9,0.0,0.0,0.0,,0.0,,0.0,0.0,0.0,.094,,-9.2,0.1,-9.1,0.0,
Thanasis Antetokounmpo,SF,27,MIL,1,6,24.8,.500,.000,.000,34.0,0.0,16.2,22.9,0.0,0.0,0.0,13.7,,0.0,0.0,0.0,.301,,8.2,-1.7,6.6,0.0,
OG Anunoby,SF,22,TOR,10,300,17.0,.669,.434,.120,4.4,13.6,9.4,9.0,1.9,3.7,10.3,13.9,,0.6,0.5,1.1,.182,,2.1,3.5,5.6,0.6,
Ryan Arcidiacono,PG,25,CHI,11,165,12.4,.605,.517,.448,3.0,10.4,6.6,18.0,2.0,0.6,10.3,9.8,,0.3,0.2,0.5,.148,,0.2,0.0,0.2,0.1,
Trevor Ariza,SF,34,SAC,10,213,8.2,.545,.775,.125,2.0,19.0,10.0,5.8,2.1,0.0,12.4,9.7,,0.1,0.1,0.2,.051,,-0.9,-0.4,-1.2,0.0,
D.J. Augustin,PG,32,ORL,11,280,13.1,.491,.292,.260,2.5,5.4,3.9,28.0,0.9,0.0,10.1,18.5,,0.3,0.3,0.6,.097,,-0.8,-2.5,-3.2,-0.1,
Deandre Ayton,C,21,PHO,1,33,26.7,.643,.000,.000,10.3,27.1,18.8,0.0,1.4,10.3,0.0,18.0,,0.1,0.1,0.2,.245,,-2.0,0.8,-1.1,0.0,
Dwayne Bacon,SG,24,CHO,10,253,5.1,.410,.279,.198,2.9,12.0,7.2,9.7,1.5,0.3,13.0,23.3,,-0.6,0.1,-0.5,-0.092,,-6.7,-2.0,-8.7,-0.4,
Marvin Bagley,PF,20,SAC,1,28,14.4,.394,.000,.250,15.5,26.2,20.6,0.0,1.7,3.3,5.3,28.6,,0.0,0.0,0.0,-0.035,,-9.5,-7.5,-17.0,-0.1,
Lonzo Ball,PG,22,NOP,8,232,14.6,.532,.598,.122,2.6,13.7,8.0,28.4,2.5,0.4,18.0,18.1,,0.2,0.1,0.3,.068,,0.6,-1.1,-0.5,0.1,
Mo Bamba,C,21,ORL,9,120,9.1,.402,.375,.083,9.1,24.2,16.3,4.0,1.2,6.7,12.3,20.6,,-0.2,0.3,0.0,.009,,-6.7,2.1,-4.6,-0.1,
J.J. Barea,PG,35,DAL,1,16,25.0,.799,.667,.333,6.5,0.0,3.2,28.5,0.0,0.0,22.5,23.3,,0.1,0.0,0.1,.241,,7.2,-7.1,0.1,0.0,
Harrison Barnes,SF,27,SAC,10,336,17.4,.595,.351,.342,4.9,13.1,8.7,8.0,1.9,0.5,7.1,17.9,,0.8,0.1,0.9,.134,,2.6,-1.4,1.2,0.3,
RJ Barrett,SG,19,NYK,11,385,11.8,.462,.242,.416,3.8,14.4,8.7,20.3,1.9,0.8,13.2,23.9,,-0.3,0.2,-0.1,-0.014,,-2.7,-0.7,-3.4,-0.1,
Will Barton,SG,29,DEN,8,260,18.7,.564,.327,.296,6.5,19.5,12.9,12.3,2.1,2.1,9.8,20.3,,0.4,0.5,0.9,.168,,1.4,2.0,3.4,0.3,
Nicolas Batum,SF,31,CHO,1,11,0.5,,,,9.7,31.7,20.2,22.7,0.0,0.0,100.0,7.7,,0.0,0.0,0.0,-0.090,,-10.1,2.2,-7.9,0.0,
Aron Baynes,C,33,PHO,10,243,25.8,.716,.440,.300,7.9,18.9,13.4,20.5,0.6,3.1,8.1,21.6,,1.2,0.3,1.5,.299,,8.3,1.2,9.4,0.7,
Kent Bazemore,SF,30,POR,12,292,8.3,.470,.495,.221,1.4,18.4,9.9,8.5,1.9,3.4,16.1,17.6,,-0.3,0.3,0.0,.006,,-3.8,1.8,-2.0,0.0,
Darius Bazley,PF,19,OKC,11,202,8.2,.544,.563,.208,2.1,21.6,12.1,5.7,0.7,1.2,18.6,13.8,,-0.1,0.3,0.2,.039,,-4.3,0.5,-3.8,-0.1,
Bradley Beal,SG,26,WAS,9,325,21.1,.545,.395,.302,3.5,10.8,7.1,28.2,1.4,0.5,12.1,32.9,,0.6,0.0,0.6,.089,,4.1,-2.9,1.2,0.3,
Malik Beasley,SG,23,DEN,9,146,7.1,.489,.509,.053,2.2,7.4,4.7,7.4,2.0,0.6,15.9,20.4,,-0.2,0.2,0.0,-0.008,,-3.4,-1.0,-4.4,-0.1,
Marco Belinelli,SG,33,SAS,11,188,2.8,.354,.536,.145,0.0,8.0,3.9,11.0,0.7,0.0,6.4,17.1,,-0.3,0.0,-0.3,-0.076,,-4.6,-3.7,-8.3,-0.3,
Jordan Bell,PF,25,MIN,4,43,18.6,.757,.077,.385,11.8,34.7,23.0,18.1,0.0,1.8,37.2,22.5,,0.0,0.0,0.1,.090,,-3.2,0.7,-2.5,0.0,
DeAndre' Bembry,SG,25,ATL,10,264,12.6,.535,.134,.328,5.2,12.4,8.9,17.1,2.5,0.7,18.1,15.1,,0.1,0.3,0.4,.066,,-1.3,0.7,-0.6,0.1,
Dāvis Bertāns,PF,27,WAS,9,247,12.7,.624,.790,.111,0.8,13.8,7.2,6.3,0.7,1.3,6.6,14.9,,0.5,0.0,0.4,.082,,2.2,-2.2,0.1,0.1,
Patrick Beverley,PG,31,LAC,11,328,7.8,.416,.541,.200,3.8,18.1,11.0,13.2,2.3,1.4,16.3,13.9,,-0.3,0.6,0.3,.042,,-2.2,3.1,0.8,0.2,
Khem Birch,C,27,ORL,4,45,2.7,.235,.200,1.600,6.6,14.3,10.3,3.0,1.1,0.0,0.0,8.2,,-0.1,0.1,0.0,.000,,-6.9,0.5,-6.4,-0.1,
Goga Bitadze,C,20,IND,6,109,16.6,.583,.276,.414,11.1,19.0,15.1,10.8,0.0,10.5,18.9,16.7,,0.2,0.2,0.4,.158,,-1.3,5.3,4.0,0.2,
Bismack Biyombo,C,27,CHO,9,113,17.3,.628,.000,.781,8.5,12.4,10.3,10.1,1.7,3.1,15.7,19.2,,0.2,0.1,0.3,.115,,-1.0,0.5,-0.5,0.0,
Nemanja Bjelica,PF,31,SAC,10,247,18.8,.681,.541,.027,6.6,18.8,12.4,15.2,1.8,1.1,11.8,14.7,,0.7,0.1,0.9,.172,,4.6,-0.2,4.5,0.4,
Eric Bledsoe,PG,30,MIL,10,266,19.5,.552,.373,.231,3.4,16.9,10.4,28.4,1.0,1.0,11.4,25.8,,0.6,0.3,0.9,.167,,3.0,-0.3,2.7,0.3,
Bogdan Bogdanović,SG,27,SAC,10,256,16.1,.537,.607,.241,0.4,12.0,5.9,24.6,2.5,0.4,11.4,23.3,,0.4,0.1,0.5,.100,,2.9,-2.4,0.5,0.2,
Bojan Bogdanović,SF,30,UTA,10,320,16.7,.599,.427,.233,0.7,12.9,7.2,10.7,1.4,1.1,14.0,26.6,,0.3,0.6,0.9,.128,,0.7,0.9,1.6,0.3,
Jonah Bolden,PF,24,PHI,2,5,8.0,.532,.000,2.000,0.0,0.0,0.0,0.0,9.3,0.0,34.7,23.7,,0.0,0.0,0.0,-0.189,,-8.9,4.0,-4.9,0.0,
Jordan Bone,PG,22,DET,2,4,-65.0,.000,.333,.000,0.0,0.0,0.0,0.0,0.0,0.0,40.0,53.9,,-0.1,0.0,-0.1,-1.486,,-46.8,-10.6,-57.4,-0.1,
Isaac Bonga,SF,20,WAS,7,149,8.7,.501,.172,.310,4.9,14.8,9.7,9.8,2.2,0.6,15.4,10.6,,0.1,0.0,0.1,.034,,-2.0,0.7,-1.3,0.0,
Devin Booker,SG,23,PHO,10,348,20.7,.660,.285,.262,1.0,9.6,5.3,27.8,0.5,1.0,16.2,28.0,,1.0,0.3,1.3,.174,,4.1,-1.9,2.3,0.4,
Chris Boucher,PF,27,TOR,9,97,19.1,.508,.382,.294,12.4,16.3,14.5,6.1,1.9,9.7,5.0,17.8,,0.2,0.2,0.4,.189,,-0.5,5.2,4.7,0.2,
Brian Bowen,SG,21,IND,1,3,13.9,.500,.000,.000,0.0,0.0,0.0,0.0,0.0,0.0,0.0,28.7,,0.0,0.0,0.0,.007,,-5.8,-7.5,-13.2,0.0,
Ky Bowman,PG,22,GSW,12,220,10.5,.542,.294,.132,0.5,10.4,5.3,16.8,1.9,0.4,16.3,16.3,,0.0,-0.1,0.0,-0.005,,-2.2,-3.2,-5.3,-0.2,
Avery Bradley,SG,29,LAL,10,274,10.7,.548,.333,.095,2.8,9.6,6.3,8.9,1.7,0.3,11.2,15.2,,0.2,0.5,0.6,.109,,-0.9,0.9,0.0,0.1,
Tony Bradley,C,22,UTA,8,73,23.2,.632,.000,.500,22.7,18.4,20.4,2.4,1.3,2.3,9.3,19.6,,0.3,0.2,0.4,.281,,1.8,0.2,1.9,0.1,
Jarrell Brantley,PF,23,UTA,1,5,22.0,,,,0.0,62.1,33.1,25.9,0.0,17.0,,0.0,,0.0,0.0,0.0,.301,,-6.6,17.4,10.8,0.0,
Ignas Brazdeikis,SF,21,NYK,4,14,4.2,.381,.286,.286,0.0,0.0,0.0,11.8,0.0,6.9,11.3,26.6,,0.0,0.0,0.0,-0.143,,-10.2,-5.2,-15.3,0.0,
Mikal Bridges,SF,23,PHO,10,198,10.5,.496,.357,.238,2.9,17.5,10.2,6.5,3.5,1.7,11.5,11.3,,0.0,0.4,0.4,.092,,-2.1,3.9,1.7,0.2,
Miles Bridges,SF,21,CHO,11,369,11.7,.565,.408,.142,4.6,13.9,9.0,11.3,0.4,2.1,15.8,17.4,,0.2,0.1,0.3,.040,,-1.1,-0.4,-1.5,0.0,
Ryan Broekhoff,SG,29,DAL,2,4,41.3,1.500,1.000,.000,0.0,0.0,0.0,42.0,0.0,0.0,0.0,10.5,,0.0,0.0,0.0,.546,,16.0,-14.7,1.3,0.0,
Malcolm Brogdon,PG,27,IND,11,363,23.4,.580,.280,.280,2.1,15.0,8.6,38.9,1.6,0.7,14.7,27.4,,1.1,0.5,1.5,.205,,4.4,0.2,4.6,0.6,
Dillon Brooks,SF,24,MEM,11,300,13.2,.523,.379,.197,4.5,10.3,7.4,11.6,1.8,1.4,8.3,21.4,,0.3,0.1,0.4,.061,,0.1,-1.7,-1.6,0.0,
Bruce Brown,SG,23,DET,12,328,6.8,.444,.198,.314,4.3,13.6,9.0,16.7,1.6,1.0,21.0,16.3,,-0.3,0.1,-0.2,-0.028,,-3.8,-0.3,-4.1,-0.2,
Charlie Brown,SG,22,ATL,1,4,25.3,1.136,,,0.0,26.4,13.7,0.0,0.0,0.0,0.0,9.3,,0.0,0.0,0.0,.425,,1.5,-6.0,-4.4,0.0,
Jaylen Brown,SG,23,BOS,7,223,20.7,.601,.255,.343,2.8,18.6,10.9,12.1,1.1,1.2,7.1,23.9,,0.6,0.3,0.9,.186,,2.1,-0.9,1.2,0.2,
Moses Brown,C,20,POR,2,5,-1.1,.000,.000,.000,0.0,60.9,30.6,0.0,0.0,0.0,0.0,8.3,,0.0,0.0,0.0,-0.112,,-17.9,-4.7,-22.7,0.0,
Sterling Brown,SG,24,MIL,7,85,17.7,.616,.414,.207,7.2,24.2,16.1,6.6,2.1,1.1,13.6,17.7,,0.1,0.2,0.3,.165,,0.4,0.3,0.8,0.1,
Troy Brown,SG,20,WAS,6,133,16.0,.549,.310,.143,8.6,14.1,11.3,11.8,2.8,0.6,11.8,15.4,,0.2,0.0,0.3,.095,,1.2,0.3,1.5,0.1,
Jalen Brunson,PG,23,DAL,10,209,14.2,.495,.347,.267,4.5,12.3,8.4,23.5,1.6,0.0,11.6,19.0,,0.2,0.1,0.4,.083,,0.2,-1.5,-1.3,0.0,
Thomas Bryant,C,22,WAS,9,270,19.5,.578,.248,.297,8.5,25.2,16.7,10.8,1.0,4.3,11.6,19.4,,0.6,0.1,0.7,.124,,0.7,1.2,1.9,0.3,
Trey Burke,PG,27,PHI,2,37,20.8,.507,.200,.267,6.0,11.6,8.8,27.3,2.5,2.3,5.6,19.7,,0.1,0.1,0.1,.194,,1.6,0.8,2.4,0.0,
Alec Burks,SG,28,GSW,9,226,17.4,.601,.356,.379,2.3,14.9,8.5,13.8,0.8,1.9,9.0,20.6,,0.5,-0.1,0.5,.098,,1.5,-3.3,-1.8,0.0,
Deonte Burton,SG,26,OKC,5,39,9.4,.559,.588,.000,0.0,18.6,9.5,4.2,1.2,0.0,15.0,22.2,,0.0,0.0,0.0,.011,,-4.1,-2.6,-6.7,0.0,
Jimmy Butler,SF,30,MIA,7,234,25.5,.567,.226,.656,7.0,12.8,10.0,30.9,3.8,1.7,9.8,23.9,,0.9,0.5,1.4,.278,,4.5,3.0,7.6,0.6,
Bruno Caboclo,SF,24,MEM,7,71,15.2,.448,.379,.000,8.8,16.6,12.7,8.0,2.6,9.8,9.4,18.5,,0.0,0.1,0.1,.046,,-2.9,4.1,1.2,0.1,
Kentavious Caldwell-Pope,SG,26,LAL,11,215,5.8,.414,.328,.104,2.1,8.8,5.5,9.0,1.5,0.4,9.1,15.2,,-0.2,0.3,0.1,.032,,-4.2,0.4,-3.8,-0.1,
Vlatko Čančar,SF,22,DEN,1,2,0.0,,,,0.0,0.0,0.0,0.0,0.0,0.0,,0.0,,0.0,0.0,0.0,.017,,-6.3,1.0,-5.3,0.0,
Clint Capela,C,25,HOU,11,332,21.4,.633,.000,.291,9.7,31.5,20.7,5.7,1.4,6.0,10.8,15.7,,0.7,0.6,1.3,.189,,-1.9,3.1,1.2,0.3,
DeMarre Carroll,SF,33,SAS,4,39,12.0,.551,.500,.200,7.8,16.6,12.0,10.0,0.0,2.0,8.4,12.5,,0.1,0.0,0.1,.106,,0.2,-1.6,-1.4,0.0,
Jevon Carter,PG,24,PHO,9,153,8.9,.540,.667,.103,1.5,11.7,6.6,16.2,2.7,1.7,24.2,14.9,,-0.1,0.2,0.2,.053,,-1.7,1.9,0.2,0.1,
Vince Carter,SF,43,ATL,8,116,8.7,.481,.600,.150,1.0,14.6,8.0,5.0,1.6,0.8,6.6,16.7,,0.0,0.1,0.1,.031,,-2.7,-2.1,-4.8,-0.1,
Wendell Carter,C,20,CHI,11,304,18.7,.616,.093,.485,11.2,25.9,18.3,4.2,0.5,3.6,10.6,18.0,,0.7,0.4,1.1,.175,,-0.7,0.0,-0.7,0.1,
Michael Carter-Williams,PG,28,ORL,8,134,13.2,.437,.333,.452,8.1,15.2,11.5,14.4,2.9,3.3,13.7,18.9,,-0.1,0.3,0.2,.084,,-2.7,3.4,0.7,0.1,
Alex Caruso,SG,25,LAL,10,194,7.8,.432,.348,.130,0.6,10.8,5.8,14.8,2.7,2.3,21.1,13.5,,-0.2,0.4,0.2,.044,,-4.6,3.3,-1.3,0.0,
Willie Cauley-Stein,C,26,GSW,9,183,17.5,.585,.000,.138,6.9,25.5,16.1,10.3,1.8,5.1,10.2,15.6,,0.3,0.1,0.4,.103,,-1.3,1.3,0.0,0.1,
Tyson Chandler,C,37,HOU,10,77,17.9,.861,.000,.500,9.1,28.5,18.8,3.6,1.7,4.3,7.6,6.9,,0.2,0.1,0.4,.228,,-0.9,2.0,1.2,0.1,
Chris Chiozza,PG,24,WAS,2,35,5.2,.333,.444,.000,0.0,12.6,6.1,23.5,2.6,4.7,25.0,13.9,,-0.1,0.0,0.0,-0.062,,-6.1,1.6,-4.5,0.0,
Marquese Chriss,PF,22,GSW,11,170,14.8,.552,.140,.360,8.7,23.0,15.7,16.4,1.9,3.5,22.7,18.4,,0.1,0.1,0.1,.038,,-2.2,0.5,-1.7,0.0,
Brandon Clarke,PF,23,MEM,10,220,22.0,.666,.167,.143,7.6,23.8,15.6,7.8,1.2,5.1,11.8,18.9,,0.5,0.2,0.7,.157,,0.9,0.9,1.8,0.2,
Jordan Clarkson,SG,27,CLE,10,230,20.5,.558,.429,.328,1.8,7.7,4.7,16.5,1.9,1.5,8.1,27.4,,0.5,0.2,0.7,.146,,2.9,-1.7,1.3,0.2,
Nicolas Claxton,PF,20,BRK,3,36,18.3,.536,.111,.556,17.9,11.7,14.7,15.0,1.3,0.0,0.0,12.5,,0.1,0.0,0.1,.182,,3.5,-1.6,1.9,0.0,
Chris Clemons,PG,22,HOU,5,42,8.5,.563,.938,.125,4.8,2.4,3.6,6.9,0.0,2.0,15.1,18.9,,0.0,0.0,0.0,.027,,-0.9,-4.3,-5.2,0.0,
John Collins,PF,22,ATL,5,161,21.2,.621,.311,.279,7.1,22.3,15.0,8.0,1.5,5.6,9.3,19.9,,0.4,0.2,0.6,.182,,1.4,1.5,2.9,0.2,
Zach Collins,PF,22,POR,3,86,9.6,.624,.368,.316,4.7,9.4,7.1,9.5,0.0,1.9,21.7,13.3,,0.1,0.0,0.1,.062,,-1.4,-0.9,-2.3,0.0,
Mike Conley,PG,32,UTA,11,330,11.6,.502,.454,.326,2.1,7.2,4.8,21.7,1.3,0.5,15.7,25.7,,-0.1,0.5,0.4,.057,,-1.3,0.1,-1.1,0.1,
Pat Connaughton,SG,27,MIL,8,131,9.8,.483,.667,.024,0.8,17.1,9.3,11.9,0.7,2.1,6.6,14.3,,0.0,0.2,0.2,.078,,-1.2,0.2,-0.9,0.0,
Quinn Cook,PG,26,LAL,11,179,10.7,.490,.364,.045,1.8,6.4,4.2,19.1,1.1,0.5,11.8,18.1,,0.0,0.2,0.3,.076,,-2.0,-1.2,-3.2,-0.1,
Tyler Cook,PF,22,CLE,4,10,35.9,.750,.000,.000,20.7,10.4,15.6,0.0,4.8,0.0,0.0,17.0,,0.1,0.0,0.1,.350,,6.3,-2.7,3.7,0.0,
Robert Covington,PF,29,MIN,11,286,14.4,.572,.615,.212,3.9,19.0,11.3,4.5,2.5,3.3,14.3,18.5,,0.2,0.4,0.6,.101,,-1.3,1.2,-0.1,0.1,
Torrey Craig,SF,29,DEN,10,161,6.8,.393,.545,.182,5.2,16.7,10.9,10.2,0.9,4.5,12.3,10.9,,-0.1,0.3,0.2,.055,,-3.9,3.2,-0.8,0.0,
Jae Crowder,SF,29,MEM,11,333,10.3,.519,.747,.231,2.8,16.1,9.4,12.1,1.8,1.3,14.5,14.4,,0.1,0.2,0.2,.034,,-0.5,0.0,-0.5,0.1,
Jarrett Culver,SG,20,MIN,11,242,7.0,.425,.413,.228,3.4,10.1,6.7,13.9,1.5,1.0,12.9,19.2,,-0.3,0.2,-0.1,-0.023,,-4.3,-0.9,-5.2,-0.2,
Seth Curry,SG,29,DAL,10,198,11.4,.577,.623,.279,1.6,4.7,3.1,9.1,1.7,0.9,11.6,16.4,,0.2,0.1,0.3,.080,,0.6,-2.1,-1.5,0.0,
Stephen Curry,PG,31,GSW,4,112,21.6,.548,.561,.273,3.8,15.5,9.6,40.3,2.1,1.5,16.9,33.1,,0.1,0.0,0.1,.063,,5.4,-2.6,2.8,0.1,
Troy Daniels,SG,28,LAL,9,137,8.5,.487,.776,.061,0.8,9.9,5.5,5.7,1.0,0.7,5.6,16.5,,0.0,0.2,0.2,.071,,-1.4,-1.1,-2.5,0.0,
Anthony Davis,PF,26,LAL,10,353,27.8,.584,.141,.408,8.8,22.5,15.8,14.9,1.7,7.4,11.4,30.5,,1.0,0.9,1.9,.261,,2.1,4.9,7.0,0.8,
Ed Davis,C,30,UTA,6,73,6.7,.425,.000,.400,14.6,31.2,23.4,1.9,0.7,3.5,29.8,10.2,,-0.1,0.2,0.1,.082,,-6.6,3.4,-3.2,0.0,
Terence Davis,SG,22,TOR,11,135,13.1,.608,.556,.167,3.2,15.1,9.7,12.6,1.7,1.3,11.5,13.8,,0.2,0.2,0.4,.157,,0.4,1.5,1.9,0.1,
Dewayne Dedmon,C,30,SAC,10,162,6.7,.437,.471,.176,13.4,21.2,17.1,4.4,0.9,4.0,24.7,19.2,,-0.3,0.1,-0.2,-0.056,,-4.9,-0.7,-5.6,-0.2,
Matthew Dellavedova,PG,29,CLE,8,119,5.0,.377,.548,.161,2.6,9.6,6.1,17.6,1.6,0.7,17.4,14.4,,-0.2,0.1,-0.1,-0.024,,-4.0,0.0,-4.0,-0.1,
DeMar DeRozan,SG,30,SAS,11,366,18.1,.561,.024,.359,1.4,14.4,7.7,22.9,1.3,1.5,15.1,26.0,,0.4,0.2,0.6,.081,,-0.4,-1.0,-1.4,0.1,
Cheick Diallo,C,23,PHO,5,12,19.6,.945,.000,1.333,0.0,9.3,4.7,13.5,0.0,0.0,29.6,24.0,,0.0,0.0,0.0,.189,,1.1,-3.3,-2.2,0.0,
Hamidou Diallo,SG,21,OKC,11,242,13.6,.528,.155,.214,6.3,12.9,9.6,6.0,3.1,1.3,13.2,18.9,,0.0,0.4,0.4,.080,,-2.9,1.7,-1.2,0.1,
Gorgui Dieng,C,30,MIN,8,93,20.5,.495,.325,.250,9.9,26.4,17.9,14.4,2.9,6.0,11.9,21.7,,0.1,0.2,0.3,.135,,-1.7,4.1,2.5,0.1,
Spencer Dinwiddie,SG,26,BRK,10,252,17.3,.554,.415,.423,1.3,8.8,5.1,28.3,1.1,0.9,14.4,28.7,,0.5,0.0,0.5,.098,,1.5,-4.1,-2.7,0.0,
Donte DiVincenzo,SG,23,MIL,7,97,12.9,.503,.513,.103,5.3,14.5,10.1,9.7,3.7,1.9,14.7,20.2,,0.0,0.2,0.2,.081,,-0.9,1.8,0.9,0.1,
Luka Dončić,PG,20,DAL,10,348,29.7,.616,.449,.393,4.8,25.7,15.3,45.7,1.5,0.2,16.4,33.1,,1.5,0.3,1.8,.254,,9.9,1.0,10.9,1.1,
Damyean Dotson,SG,25,NYK,7,65,10.0,.536,.545,.136,3.0,10.4,6.4,7.6,0.7,1.5,11.4,17.0,,0.0,0.0,0.0,.025,,-2.7,-2.8,-5.5,-0.1,
Goran Dragić,PG,33,MIA,10,287,18.2,.626,.535,.404,0.8,11.9,6.6,27.4,0.8,1.1,15.2,23.2,,0.7,0.4,1.0,.175,,3.1,-1.3,1.8,0.3,
Andre Drummond,C,26,DET,12,414,25.0,.588,.045,.352,16.2,40.8,28.5,15.6,2.4,5.1,19.1,26.2,,0.7,0.7,1.3,.156,,0.6,4.0,4.5,0.7,
Jared Dudley,SF,34,LAL,7,58,10.5,1.000,.667,.000,0.0,9.0,4.6,10.5,0.8,1.5,14.3,5.1,,0.1,0.1,0.2,.175,,0.8,0.5,1.3,0.0,
Kris Dunn,PG,25,CHI,11,224,15.2,.507,.243,.129,2.7,11.5,7.0,20.1,5.2,1.2,10.8,15.4,,0.2,0.4,0.6,.128,,-0.3,3.1,2.8,0.3,
Carsen Edwards,PG,21,BOS,9,107,14.4,.521,.568,.205,2.9,12.9,8.0,13.2,1.3,1.6,5.9,20.1,,0.1,0.1,0.3,.113,,0.8,-1.4,-0.5,0.0,
Wayne Ellington,SG,32,NYK,8,137,3.6,.429,.889,.022,0.0,12.4,5.7,10.2,0.7,0.7,15.0,16.4,,-0.2,0.0,-0.2,-0.073,,-4.6,-2.9,-7.5,-0.2,
Joel Embiid,C,25,PHI,7,201,28.2,.592,.236,.536,11.5,35.4,23.6,18.2,1.6,5.1,14.5,32.5,,0.6,0.4,1.0,.239,,2.8,3.2,6.0,0.4,
James Ennis,SF,29,PHI,11,168,14.8,.607,.313,.417,9.9,18.0,14.0,5.9,1.4,0.5,13.7,16.1,,0.3,0.2,0.5,.147,,0.1,-0.7,-0.6,0.1,
Drew Eubanks,PF,22,SAS,1,2,-27.9,.000,.000,.000,100.0,53.9,78.2,0.0,0.0,0.0,33.3,61.7,,0.0,0.0,0.0,-1.086,,-38.8,-23.5,-62.3,0.0,
Jacob Evans,SG,22,GSW,3,43,13.0,.654,.667,.333,2.5,10.1,6.2,6.6,0.0,0.0,6.8,14.3,,0.1,0.0,0.1,.081,,1.3,-5.8,-4.6,0.0,
Tacko Fall,C,24,BOS,1,4,8.2,.500,.000,.000,0.0,74.2,37.8,0.0,0.0,0.0,20.0,52.8,,0.0,0.0,0.0,-0.233,,-24.4,-14.7,-39.1,0.0,
Derrick Favors,C,28,NOP,7,146,16.8,.585,.023,.068,15.3,24.6,19.8,13.5,1.5,1.8,20.9,15.6,,0.2,0.1,0.3,.098,,-0.6,1.0,0.4,0.1,
Terrance Ferguson,SG,21,OKC,10,223,5.7,.580,.618,.088,2.9,6.0,4.5,6.2,0.6,1.4,14.5,8.0,,0.1,0.2,0.3,.066,,-2.0,0.7,-1.3,0.0,
Bruno Fernando,C,21,ATL,10,113,15.6,.611,.219,.344,9.1,16.8,13.1,12.2,1.3,3.2,19.6,17.2,,0.1,0.1,0.2,.096,,-0.7,0.5,-0.2,0.1,
Yogi Ferrell,PG,26,SAC,6,42,19.2,.631,.357,.429,0.0,17.5,8.2,22.5,1.2,2.2,10.7,19.0,,0.1,0.0,0.2,.177,,1.8,-1.9,-0.1,0.0,
Dorian Finney-Smith,PF,26,DAL,10,261,10.6,.545,.538,.262,8.4,13.4,10.9,3.7,1.3,0.6,15.2,13.7,,0.2,0.1,0.3,.058,,-0.4,-1.1,-1.5,0.0,
Bryn Forbes,SG,26,SAS,11,298,13.5,.564,.623,.162,1.7,10.1,5.8,7.3,0.6,0.0,6.1,20.4,,0.5,0.0,0.5,.085,,2.1,-4.1,-2.0,0.0,
Evan Fournier,SG,27,ORL,11,313,15.8,.588,.423,.223,0.3,12.0,5.9,18.8,1.1,0.9,12.8,22.7,,0.4,0.4,0.8,.124,,1.3,-0.9,0.4,0.2,
De'Aaron Fox,PG,22,SAC,9,288,16.1,.528,.234,.484,1.9,13.2,7.2,35.8,1.2,1.6,19.2,28.5,,0.2,0.1,0.3,.049,,0.2,-1.9,-1.8,0.0,
Melvin Frazier,SG,23,ORL,1,6,-6.9,.200,.200,.000,16.5,0.0,8.6,0.0,0.0,0.0,0.0,36.2,,-0.1,0.0,0.0,-0.394,,-15.5,-11.0,-26.5,0.0,
Tim Frazier,PG,29,DET,8,116,6.7,.331,.351,.324,3.0,5.1,4.1,33.7,3.3,0.7,19.1,19.4,,-0.2,0.1,-0.1,-0.053,,-4.7,-2.7,-7.4,-0.2,
Markelle Fultz,SG,21,ORL,11,256,13.7,.516,.258,.215,2.7,7.1,4.8,22.0,2.7,0.7,14.3,20.2,,0.1,0.4,0.5,.088,,-1.1,0.2,-0.9,0.1,
Wenyen Gabriel,PF,22,SAC,5,34,5.4,.365,.500,.583,9.6,10.8,10.2,12.4,1.4,2.7,16.6,22.7,,-0.1,0.0,-0.1,-0.095,,-4.5,-1.8,-6.2,0.0,
Daniel Gafford,PF,21,CHI,4,12,-1.7,,,,0.0,9.0,4.3,0.0,0.0,0.0,,0.0,,0.0,0.0,0.0,.017,,-7.2,0.0,-7.2,0.0,
Danilo Gallinari,PF,31,OKC,11,318,20.2,.620,.536,.384,1.7,16.0,9.0,8.8,1.3,0.3,6.4,23.4,,0.9,0.4,1.3,.198,,3.1,-1.5,1.6,0.3,
Langston Galloway,SG,28,DET,12,295,15.6,.608,.551,.378,1.6,8.7,5.2,11.1,1.1,1.7,7.3,18.0,,0.7,0.0,0.8,.126,,2.4,-2.7,-0.3,0.1,
Darius Garland,PG,20,CLE,10,283,5.7,.401,.317,.139,1.1,5.5,3.3,19.1,1.9,0.0,17.7,19.6,,-0.6,0.2,-0.4,-0.064,,-5.1,-1.1,-6.2,-0.3,
Marc Gasol,C,35,TOR,11,310,6.4,.473,.466,.164,2.8,19.5,11.8,12.2,0.5,2.5,21.2,13.7,,-0.2,0.5,0.2,.036,,-4.0,2.8,-1.2,0.1,
Rudy Gay,PF,33,SAS,11,248,18.5,.576,.385,.286,8.5,24.8,16.4,14.4,0.6,1.9,12.8,19.5,,0.5,0.2,0.7,.131,,1.7,-0.5,1.2,0.2,
Taj Gibson,C,34,NYK,9,142,14.7,.582,.077,.179,8.9,15.1,11.7,14.3,2.0,0.7,16.0,14.8,,0.2,0.1,0.3,.094,,-1.2,0.1,-1.2,0.0,
Harry Giles,PF,21,SAC,2,14,6.8,.510,.000,.400,0.0,26.2,12.3,0.0,0.0,6.5,14.5,21.0,,0.0,0.0,0.0,-0.002,,-10.3,-3.6,-13.9,0.0,
Shai Gilgeous-Alexander,SG,21,OKC,11,381,17.8,.549,.261,.267,3.4,14.2,8.9,15.4,1.0,1.5,9.9,25.3,,0.5,0.4,0.9,.112,,-0.1,-0.1,-0.2,0.2,
Rudy Gobert,C,27,UTA,11,380,17.8,.678,.000,.919,8.1,32.7,21.2,4.9,1.6,3.1,19.4,15.0,,0.7,1.0,1.7,.212,,-1.4,5.1,3.7,0.6,
Aaron Gordon,PF,24,ORL,11,342,16.1,.545,.328,.296,5.5,15.4,10.2,16.4,1.3,1.6,10.7,20.1,,0.4,0.5,1.0,.137,,0.8,1.1,2.0,0.3,
Eric Gordon,SG,31,HOU,9,265,3.5,.422,.673,.127,1.1,5.3,3.2,3.7,0.8,0.6,9.4,19.3,,-0.5,0.1,-0.4,-0.074,,-5.2,-3.4,-8.6,-0.4,
Devonte' Graham,PG,24,CHO,11,347,19.2,.579,.568,.390,2.5,9.7,5.9,36.5,1.2,0.5,15.3,24.7,,0.9,0.1,1.0,.136,,4.2,-2.9,1.2,0.3,
Treveon Graham,SG,26,MIN,11,286,8.2,.441,.388,.175,4.6,10.1,7.3,8.8,1.7,0.3,7.5,13.0,,0.0,0.2,0.3,.043,,-2.8,0.0,-2.8,-0.1,
Jerami Grant,PF,25,DEN,10,219,9.7,.506,.416,.234,2.9,9.8,6.3,7.8,0.9,2.1,10.5,18.6,,0.0,0.3,0.2,.051,,-2.3,-0.4,-2.7,0.0,
Danny Green,SG,32,LAL,11,284,10.8,.601,.667,.103,1.9,8.8,5.5,6.4,2.3,1.3,12.8,14.0,,0.2,0.5,0.7,.127,,0.6,1.7,2.3,0.3,
Draymond Green,PF,29,GSW,7,195,12.7,.481,.356,.169,2.2,23.9,12.9,25.8,1.9,0.4,14.8,15.9,,0.1,0.0,0.1,.025,,-1.3,-1.0,-2.3,0.0,
JaMychal Green,PF,29,LAC,11,250,13.8,.600,.663,.213,7.1,24.6,15.9,1.7,0.8,1.5,11.2,16.2,,0.4,0.4,0.8,.145,,0.2,-1.4,-1.2,0.0,
Javonte Green,SG,26,BOS,8,55,15.3,.553,.250,.208,1.9,10.8,6.4,5.8,1.7,0.0,0.0,20.1,,0.1,0.1,0.1,.123,,-0.2,-2.8,-3.0,0.0,
Jeff Green,PF,33,UTA,11,209,7.7,.506,.612,.239,1.7,11.4,6.9,3.6,1.4,2.0,13.9,18.2,,-0.2,0.4,0.2,.045,,-3.1,1.6,-1.5,0.0,
Blake Griffin,PF,30,DET,1,24,24.0,.612,.250,.667,0.0,34.2,17.1,44.6,0.0,0.0,20.5,35.0,,0.1,0.0,0.1,.130,,2.3,-1.4,0.9,0.0,
Marko Guduric,SG,24,MEM,11,200,11.8,.570,.443,.115,3.7,11.8,7.7,14.4,0.9,1.3,16.9,15.8,,0.1,0.0,0.2,.037,,-1.1,-1.7,-2.8,0.0,
Rui Hachimura,SF,21,WAS,9,252,16.9,.554,.152,.107,8.7,14.0,11.3,8.2,1.1,0.3,7.1,20.3,,0.5,0.0,0.4,.085,,0.8,-2.3,-1.5,0.0,
Devon Hall,SG,24,OKC,1,7,2.0,1.000,.000,.000,0.0,0.0,0.0,0.0,0.0,0.0,50.0,12.4,,0.0,0.0,0.0,-0.057,,-6.0,-2.2,-8.2,0.0,
Tim Hardaway,SG,27,DAL,10,230,11.2,.506,.610,.210,1.4,8.9,5.2,9.0,0.2,0.4,3.4,21.6,,0.3,0.0,0.3,.059,,0.3,-4.4,-4.1,-0.1,
James Harden,SG,30,HOU,11,401,30.3,.612,.572,.625,2.8,12.2,7.5,40.2,1.9,1.5,15.7,40.5,,1.7,0.3,2.1,.249,,9.8,-1.2,8.6,1.1,
Maurice Harkless,PF,26,LAC,11,237,9.5,.565,.259,.185,3.5,10.4,7.0,6.5,2.2,2.3,14.6,11.9,,0.1,0.4,0.5,.098,,-1.2,2.6,1.4,0.2,
Jared Harper,PG,22,PHO,1,2,-19.7,.000,1.000,.000,0.0,0.0,0.0,0.0,0.0,0.0,0.0,21.3,,0.0,0.0,0.0,-0.520,,-15.5,-6.3,-21.8,0.0,
Montrezl Harrell,C,26,LAC,11,332,23.4,.626,.022,.444,8.7,16.1,12.4,12.4,1.3,3.6,12.0,22.7,,1.0,0.5,1.5,.211,,2.6,2.1,4.7,0.6,
Gary Harris,SG,25,DEN,10,322,9.1,.484,.411,.140,2.0,9.4,5.6,8.0,2.1,0.6,8.8,16.6,,-0.1,0.4,0.4,.055,,-1.9,0.5,-1.3,0.1,
Joe Harris,SG,28,BRK,10,323,11.9,.644,.570,.090,3.7,9.4,6.6,6.4,1.0,0.5,14.8,15.1,,0.5,0.0,0.5,.071,,1.4,-2.2,-0.9,0.1,
Tobias Harris,SF,27,PHI,11,380,14.8,.528,.314,.224,3.2,23.0,13.2,15.4,1.7,1.6,12.7,21.3,,0.2,0.6,0.8,.104,,-0.8,1.6,0.8,0.3,
Shaquille Harrison,PG,26,CHI,6,23,7.9,.367,.091,.545,0.0,32.8,15.8,12.7,0.0,4.0,0.0,24.7,,0.0,0.0,0.0,-0.014,,-8.9,-0.7,-9.5,0.0,
Josh Hart,SF,24,NOP,10,277,15.5,.614,.613,.237,4.8,20.2,12.3,6.9,2.3,1.3,12.0,16.8,,0.4,0.2,0.6,.108,,1.1,-0.5,0.6,0.2,
Udonis Haslem,PF,39,MIA,1,5,13.8,1.000,.000,.000,0.0,42.8,22.4,0.0,0.0,0.0,0.0,8.4,,0.0,0.0,0.0,.242,,-2.9,-4.8,-7.8,0.0,
Jaxson Hayes,C,19,NOP,7,98,18.1,.665,.071,.536,9.3,14.0,11.6,7.3,1.8,3.6,10.4,15.7,,0.3,0.1,0.3,.157,,0.7,0.2,1.0,0.1,
Gordon Hayward,SF,29,BOS,8,249,22.3,.638,.273,.173,2.5,20.3,11.5,21.2,1.1,0.7,11.2,22.6,,0.7,0.3,1.0,.199,,3.7,-0.1,3.6,0.4,
John Henson,PF,29,CLE,1,8,27.0,.323,.500,3.000,25.9,13.0,19.5,0.0,12.0,21.1,17.7,30.0,,0.0,0.0,0.0,-0.009,,-6.0,13.4,7.4,0.0,
Juan Hernangómez,PF,24,DEN,3,19,1.1,.300,.800,.000,0.0,5.7,2.8,0.0,0.0,4.8,0.0,11.3,,0.0,0.0,0.0,-0.052,,-6.9,-0.7,-7.6,0.0,
Willy Hernangómez,C,25,CHO,3,28,17.2,.550,.200,.000,15.2,8.3,11.9,5.7,1.7,6.2,16.7,18.2,,0.0,0.0,0.0,.070,,-1.5,1.4,0.0,0.0,
Tyler Herro,SG,20,MIA,9,263,11.8,.543,.439,.245,0.9,16.7,9.1,11.6,1.4,0.0,12.8,20.0,,0.1,0.4,0.5,.086,,-1.8,-0.3,-2.1,0.0,
Mario Hezonja,SF,24,POR,12,267,7.4,.431,.362,.246,4.2,22.4,13.3,6.4,1.9,0.6,14.5,13.9,,-0.2,0.3,0.1,.016,,-4.3,0.9,-3.4,-0.1,
Buddy Hield,SG,27,SAC,10,309,12.5,.533,.545,.091,2.8,13.9,8.0,8.3,0.9,1.5,14.0,27.6,,-0.1,0.1,0.0,-0.003,,-0.5,-3.6,-4.1,-0.2,
George Hill,PG,33,MIL,10,229,19.6,.687,.394,.258,5.8,7.3,6.6,17.3,1.8,0.4,6.4,14.1,,0.9,0.3,1.2,.246,,5.4,-0.4,5.0,0.4,
Solomon Hill,SF,28,MEM,9,156,12.6,.599,.591,.273,2.7,15.1,8.8,13.0,2.0,0.6,15.4,15.3,,0.2,0.1,0.2,.068,,0.1,-1.0,-1.0,0.0,
Jaylen Hoard,SF,20,POR,1,0,,,,,,,,,,,,,,0.0,0.0,0.0,,,-5.4,0.2,-5.2,0.0,
Aaron Holiday,PG,23,IND,9,187,12.1,.511,.446,.123,1.8,10.5,6.2,16.9,2.1,0.5,11.6,17.9,,0.1,0.2,0.4,.093,,-0.8,0.0,-0.8,0.1,
Jrue Holiday,SG,29,NOP,8,280,12.6,.443,.355,.207,2.2,14.0,7.9,28.2,2.4,1.9,14.8,22.0,,-0.1,0.1,0.1,.011,,-2.4,-0.1,-2.5,0.0,
Justin Holiday,SG,30,IND,11,259,8.6,.476,.656,.188,2.1,16.0,9.1,6.7,1.3,3.1,9.2,12.7,,0.0,0.4,0.4,.073,,-2.3,2.1,-0.2,0.1,
Rondae Hollis-Jefferson,SF,25,TOR,4,74,20.4,.612,.000,.400,16.3,15.1,15.6,8.5,2.5,2.3,16.9,20.4,,0.2,0.1,0.3,.202,,0.3,2.2,2.6,0.1,
Richaun Holmes,C,26,SAC,10,257,19.1,.664,.000,.232,10.6,22.9,16.4,5.6,1.3,5.0,11.6,14.3,,0.7,0.2,0.9,.168,,1.0,1.5,2.5,0.3,
Rodney Hood,SF,27,POR,10,296,13.2,.642,.477,.198,2.4,10.3,6.4,2.9,1.3,1.1,10.5,14.6,,0.5,0.1,0.7,.107,,0.7,-0.9,-0.1,0.1,
Al Horford,PF,33,PHI,10,316,17.3,.508,.347,.167,7.3,18.4,12.9,18.3,1.5,2.7,7.8,21.8,,0.4,0.5,0.9,.139,,1.4,1.5,3.0,0.4,
Danuel House,SF,26,HOU,10,292,14.7,.661,.688,.263,2.4,14.3,8.4,3.4,1.8,2.9,10.1,13.6,,0.5,0.3,0.8,.133,,0.2,0.4,0.7,0.2,
Dwight Howard,C,34,LAL,11,224,19.7,.730,.000,.429,11.8,28.0,20.1,8.0,1.1,6.8,18.2,13.5,,0.6,0.6,1.2,.249,,0.5,5.5,6.0,0.5,
Kevin Huerter,SG,21,ATL,10,225,13.0,.570,.587,.200,3.1,13.6,8.5,18.3,1.3,1.2,17.2,18.6,,0.2,0.2,0.4,.075,,0.4,-1.2,-0.8,0.1,
De'Andre Hunter,SF,22,ATL,10,298,6.7,.477,.432,.216,1.9,14.2,8.3,7.1,0.6,0.9,12.7,15.7,,-0.2,0.2,0.0,-0.001,,-3.5,-1.4,-4.9,-0.2,
Chandler Hutchison,SF,23,CHI,4,78,11.4,.604,.227,.636,1.3,18.0,9.3,3.9,1.2,2.3,15.1,17.7,,0.0,0.1,0.1,.069,,-3.8,-0.6,-4.4,0.0,
Serge Ibaka,C,30,TOR,8,183,18.4,.595,.190,.274,4.2,22.8,14.3,5.6,1.3,4.7,15.3,25.9,,0.1,0.4,0.5,.118,,-3.3,1.5,-1.8,0.0,
Ersan İlyasova,PF,32,MIL,10,168,12.6,.524,.577,.231,6.7,23.4,15.4,3.9,1.3,2.7,8.0,15.2,,0.2,0.3,0.5,.129,,-1.0,0.4,-0.6,0.1,
Joe Ingles,SF,32,UTA,11,310,7.9,.474,.676,.189,0.8,14.0,7.8,18.2,1.2,0.5,15.8,13.6,,0.0,0.5,0.5,.079,,-1.6,2.5,0.9,0.2,
Brandon Ingram,PF,22,NOP,9,289,24.3,.633,.302,.309,3.5,20.5,11.8,20.5,1.1,2.4,13.2,29.2,,0.8,0.1,0.9,.154,,3.8,-1.0,2.8,0.3,
Kyrie Irving,PG,27,BRK,10,337,27.4,.572,.371,.272,2.9,13.7,8.3,36.5,1.5,1.4,9.1,34.0,,1.4,0.1,1.6,.222,,7.3,-1.9,5.4,0.6,
Jonathan Isaac,SF,22,ORL,11,337,18.5,.609,.394,.232,3.8,18.8,11.0,8.5,2.0,8.2,14.2,16.4,,0.4,0.8,1.2,.173,,-0.5,5.9,5.4,0.6,
Wesley Iwundu,SF,25,ORL,3,28,-8.9,.157,.455,.364,3.5,26.9,14.7,4.8,0.0,0.0,13.6,22.9,,-0.2,0.0,-0.2,-0.319,,-15.7,-3.0,-18.7,-0.1,
Frank Jackson,PG,21,NOP,10,181,11.1,.522,.437,.230,1.7,4.7,3.1,12.0,2.0,0.5,13.5,24.4,,0.0,0.0,0.0,-0.006,,-2.2,-4.0,-6.2,-0.2,
Jaren Jackson,C,20,MEM,10,267,14.1,.581,.357,.223,5.5,15.2,10.3,8.4,0.9,3.6,15.8,22.4,,0.1,0.1,0.2,.044,,-0.9,-1.0,-1.9,0.0,
Justin Jackson,SF,24,DAL,10,134,15.2,.635,.478,.217,4.7,14.6,9.6,3.3,0.4,0.0,7.4,17.0,,0.3,0.0,0.3,.125,,1.0,-3.9,-2.9,0.0,
Reggie Jackson,PG,29,DET,2,36,11.2,.437,.455,.091,3.3,13.0,8.2,31.8,0.0,0.0,8.0,14.9,,0.0,0.0,0.0,.057,,-0.6,-4.4,-5.0,0.0,
Justin James,SG,23,SAC,3,12,18.7,.400,.286,.571,0.0,20.4,9.6,15.1,4.0,7.6,0.0,31.2,,0.0,0.0,0.0,-0.003,,-3.5,1.8,-1.7,0.0,
LeBron James,SF,35,LAL,11,380,26.8,.551,.269,.337,3.2,21.2,12.4,51.1,1.5,1.7,13.4,30.8,,1.2,0.8,1.9,.246,,6.4,3.2,9.6,1.1,
Amile Jefferson,PF,26,ORL,2,9,40.3,1.000,.000,.000,22.0,11.9,17.2,50.6,0.0,0.0,25.0,19.3,,0.1,0.0,0.1,.407,,13.6,-1.2,12.4,0.0,
Alize Johnson,PF,23,IND,3,24,11.4,.563,.000,.250,13.8,13.6,13.7,5.2,0.0,0.0,0.0,8.0,,0.1,0.0,0.1,.165,,-0.3,-0.9,-1.2,0.0,
Cameron Johnson,SF,23,PHO,8,129,13.2,.606,.652,.130,4.4,14.7,9.6,5.5,1.1,1.3,9.3,17.7,,0.2,0.1,0.3,.116,,1.1,-0.9,0.2,0.1,
James Johnson,PF,32,MIA,4,57,12.8,.533,.471,.235,4.1,15.0,9.8,10.4,2.4,3.5,13.8,16.1,,0.0,0.1,0.1,.106,,-1.9,2.5,0.6,0.0,
Stanley Johnson,SF,23,TOR,5,19,-3.3,.389,.444,.000,11.5,24.4,18.5,0.0,2.5,0.0,30.8,29.2,,-0.1,0.0,-0.1,-0.223,,-14.5,-4.9,-19.3,-0.1,
Tyler Johnson,PG,27,PHO,10,185,9.9,.553,.493,.149,0.6,7.2,4.0,13.0,0.5,0.5,11.2,18.5,,0.1,0.1,0.2,.059,,-0.9,-2.2,-3.1,-0.1,
Nikola Jokić,C,24,DEN,10,312,20.4,.509,.325,.238,6.1,24.9,15.3,33.7,2.2,2.0,13.0,26.4,,0.3,0.6,1.0,.151,,2.9,3.4,6.3,0.6,
Damian Jones,C,24,ATL,9,132,15.2,.695,.069,.207,7.8,12.0,10.0,5.6,1.4,3.4,8.7,11.1,,0.3,0.1,0.4,.156,,0.6,0.7,1.3,0.1,
Derrick Jones,SF,22,MIA,4,57,16.1,.657,.200,.150,6.2,9.4,7.9,5.8,2.4,0.0,8.6,17.2,,0.1,0.1,0.2,.189,,1.0,-0.6,0.4,0.0,
Tyus Jones,PG,23,MEM,11,239,11.2,.464,.284,.235,0.0,6.3,3.1,31.4,2.3,0.0,16.8,18.4,,0.0,0.1,0.0,.006,,-3.0,-3.7,-6.7,-0.3,
DeAndre Jordan,C,31,BRK,9,202,20.1,.645,.000,.388,11.7,37.5,24.7,12.4,1.1,4.2,17.3,13.8,,0.5,0.2,0.7,.170,,-0.4,2.7,2.3,0.2,
Cory Joseph,PG,28,SAC,10,193,9.7,.484,.237,.153,4.5,9.5,6.9,17.6,1.0,2.8,18.2,17.0,,0.0,0.1,0.1,.014,,-2.5,-0.8,-3.3,-0.1,
Mfiondu Kabengele,C,22,LAC,3,7,18.1,.750,1.000,.000,0.0,14.6,7.4,0.0,0.0,13.2,0.0,11.8,,0.0,0.0,0.0,.226,,1.3,2.8,4.2,0.0,
Frank Kaminsky,C,26,PHO,10,242,10.7,.491,.422,.458,3.3,24.5,13.9,13.5,0.6,1.4,13.1,20.2,,0.0,0.3,0.3,.055,,-2.9,0.7,-2.2,0.0,
Enes Kanter,C,27,BOS,3,56,23.8,.685,.071,.929,14.7,17.7,16.2,10.3,0.8,0.0,4.8,15.6,,0.3,0.1,0.3,.286,,4.5,-1.1,3.4,0.1,
Luke Kennard,SG,23,DET,12,404,17.6,.615,.534,.301,1.2,11.9,6.5,19.7,0.6,0.0,9.3,21.7,,1.2,0.0,1.1,.136,,4.2,-3.8,0.4,0.2,
Stanton Kidd,SF,27,UTA,4,15,-13.9,.000,.333,.000,0.0,20.7,11.0,8.6,0.0,0.0,40.0,14.8,,-0.1,0.0,-0.1,-0.299,,-16.3,2.3,-14.0,0.0,
Michael Kidd-Gilchrist,SF,26,CHO,1,10,1.6,.357,.143,.000,10.6,34.9,22.2,0.0,0.0,0.0,12.5,34.0,,-0.1,0.0,0.0,-0.238,,-16.8,-11.3,-28.1,-0.1,
Maxi Kleber,PF,28,DAL,9,248,15.0,.617,.618,.221,6.3,18.2,12.3,6.2,0.4,3.4,8.6,13.8,,0.5,0.2,0.7,.139,,1.6,0.0,1.6,0.2,
Brandon Knight,PG,28,CLE,3,38,9.4,.504,.867,.133,0.0,8.2,4.1,27.5,1.3,0.0,15.9,21.2,,0.0,0.0,0.0,.042,,0.4,-3.6,-3.2,0.0,
Kevin Knox,SF,20,NYK,11,260,14.0,.565,.523,.372,3.0,12.6,7.4,10.8,1.5,1.1,8.3,17.6,,0.4,0.1,0.5,.093,,0.2,-1.6,-1.4,0.0,
John Konchar,SG,23,MEM,1,7,0.0,,,,0.0,0.0,0.0,0.0,0.0,0.0,,0.0,,0.0,0.0,0.0,-0.028,,-5.8,-0.6,-6.4,0.0,
Furkan Korkmaz,SG,22,PHI,11,251,11.1,.606,.651,.145,0.9,9.9,5.4,5.1,0.4,1.4,9.3,15.9,,0.3,0.2,0.5,.100,,0.3,-1.8,-1.5,0.0,
Luke Kornet,C,24,CHI,10,116,9.7,.442,.535,.116,4.3,13.0,8.5,7.6,0.4,5.5,6.2,17.3,,0.0,0.1,0.1,.029,,-3.4,0.3,-3.1,0.0,
Kyle Korver,SG,38,MIL,8,127,11.7,.649,.795,.114,3.2,7.4,5.4,1.1,0.7,0.7,13.2,17.2,,0.1,0.1,0.2,.093,,1.4,-3.1,-1.7,0.0,
Rodions Kurucs,SF,21,BRK,8,92,1.0,.460,.222,.333,5.8,17.1,11.5,1.4,2.0,0.0,34.8,13.8,,-0.2,0.0,-0.2,-0.102,,-7.7,-1.7,-9.3,-0.2,
Kyle Kuzma,PF,24,LAL,7,161,12.1,.554,.519,.160,2.7,16.3,9.7,3.8,0.3,0.6,13.0,26.3,,-0.1,0.2,0.2,.058,,-2.2,-3.1,-5.3,-0.1,
Skal Labissière,PF,23,POR,12,178,13.5,.537,.021,.340,13.8,16.5,15.2,9.6,0.5,5.1,21.7,16.1,,0.1,0.2,0.3,.075,,-2.4,2.1,-0.3,0.1,
Jeremy Lamb,SG,27,IND,5,165,17.9,.553,.309,.294,3.3,17.8,10.6,9.5,2.1,2.1,7.2,21.6,,0.3,0.3,0.6,.161,,0.1,1.0,1.1,0.1,
Romeo Langford,SG,20,BOS,1,0,,,,,,,,,,,,,,0.0,0.0,0.0,,,-4.9,0.5,-4.4,0.0,
Zach LaVine,SG,24,CHI,11,352,16.3,.533,.383,.223,3.7,10.1,6.8,22.4,1.9,1.6,15.2,28.8,,0.0,0.3,0.4,.051,,0.9,-0.9,0.1,0.2,
Jake Layman,PF,25,MIN,11,291,10.6,.532,.429,.086,3.5,7.7,5.6,4.0,1.7,2.2,10.7,16.7,,0.1,0.2,0.3,.050,,-2.2,-0.2,-2.4,0.0,
T.J. Leaf,PF,22,IND,9,112,11.3,.429,.154,.103,12.8,21.4,17.1,4.7,1.7,2.4,10.9,17.6,,0.0,0.2,0.2,.067,,-4.3,0.8,-3.5,0.0,
Courtney Lee,SG,34,DAL,3,26,4.0,.444,.333,.000,0.0,4.0,2.0,0.0,0.0,0.0,0.0,14.5,,0.0,0.0,0.0,-0.034,,-4.9,-5.2,-10.1,-0.1,
Damion Lee,SG,27,GSW,11,241,13.0,.521,.385,.363,3.9,15.3,9.5,12.3,1.6,0.0,11.0,20.5,,0.2,-0.1,0.1,.024,,-0.7,-3.6,-4.3,-0.1,
Alex Len,C,26,ATL,10,178,11.0,.461,.380,.340,7.7,20.8,14.5,7.1,0.8,7.6,14.8,16.1,,-0.1,0.2,0.1,.038,,-4.1,2.6,-1.5,0.0,
Kawhi Leonard,SF,28,LAC,9,292,26.8,.542,.254,.347,4.3,23.9,14.1,34.3,3.1,2.9,14.3,36.6,,0.5,0.6,1.1,.182,,4.5,4.3,8.9,0.8,
Meyers Leonard,C,27,MIA,10,196,12.8,.729,.362,.149,2.4,19.7,11.4,6.1,1.2,3.1,18.0,13.1,,0.2,0.3,0.6,.144,,-0.8,2.0,1.2,0.2,
Caris LeVert,SG,25,BRK,9,284,11.2,.491,.257,.221,3.8,13.0,8.4,18.9,1.0,0.3,16.8,26.0,,-0.2,0.0,-0.1,-0.024,,-3.2,-2.7,-5.8,-0.3,
Damian Lillard,PG,29,POR,12,461,28.7,.639,.465,.384,1.1,11.5,6.3,30.8,1.5,1.4,10.6,28.8,,2.3,0.3,2.6,.270,,9.2,-1.4,7.8,1.1,
Nassir Little,SF,19,POR,5,56,5.7,.377,.316,.105,5.5,12.7,9.1,0.0,1.7,3.0,4.8,15.4,,-0.1,0.0,0.0,-0.018,,-6.5,-2.1,-8.6,-0.1,
Kevon Looney,C,23,GSW,1,10,18.8,.375,.250,.000,52.7,43.4,48.1,13.9,0.0,0.0,20.0,20.8,,0.0,0.0,0.0,.102,,2.5,-3.8,-1.3,0.0,
Brook Lopez,C,31,MIL,10,273,12.4,.530,.614,.239,1.9,13.0,7.7,7.6,1.0,7.3,11.0,16.5,,0.1,0.5,0.6,.103,,-0.8,3.2,2.4,0.3,
Robin Lopez,C,31,MIL,10,145,5.1,.477,.457,.314,2.8,11.0,7.1,5.2,0.6,3.1,20.1,14.1,,-0.2,0.2,0.0,.000,,-4.3,0.6,-3.7,-0.1,
Kevin Love,PF,31,CLE,10,328,21.3,.626,.492,.525,3.5,37.5,20.5,16.3,1.0,1.3,17.3,23.2,,0.7,0.5,1.2,.176,,1.8,1.9,3.7,0.5,
Kyle Lowry,PG,33,TOR,8,289,20.2,.662,.602,.372,0.8,10.3,5.9,28.3,1.5,0.9,17.0,23.4,,0.8,0.4,1.2,.199,,4.8,-0.5,4.3,0.5,
Trey Lyles,PF,24,SAS,11,223,12.7,.578,.463,.171,9.1,32.9,20.6,8.6,0.4,1.1,17.0,9.8,,0.3,0.2,0.4,.093,,-0.9,0.1,-0.8,0.1,
Daryl Macon,SG,24,MIA,2,8,13.8,1.500,1.000,.000,0.0,0.0,0.0,0.0,0.0,0.0,0.0,5.3,,0.0,0.0,0.0,.164,,6.2,-3.7,2.5,0.0,
Josh Magette,PG,30,ORL,1,6,35.7,.500,.000,.000,16.5,0.0,8.6,37.9,8.2,0.0,0.0,29.0,,0.0,0.0,0.0,.295,,10.0,4.4,14.4,0.0,
Thon Maker,C,22,DET,12,174,10.1,.593,.333,.667,4.7,13.5,9.1,4.0,1.1,5.2,17.1,11.6,,0.1,0.1,0.2,.058,,-2.1,0.8,-1.3,0.0,
Terance Mann,SG,23,LAC,7,16,22.3,.750,.000,.000,6.5,25.6,16.1,48.7,2.9,0.0,33.3,15.4,,0.0,0.0,0.1,.243,,2.4,1.8,4.1,0.0,
Boban Marjanović,C,31,DAL,4,44,19.1,.526,.000,.182,16.6,30.4,23.5,11.5,1.1,1.9,17.4,27.4,,0.0,0.1,0.1,.076,,-3.1,-0.9,-4.0,0.0,
Lauri Markkanen,PF,22,CHI,11,333,14.1,.524,.500,.386,3.3,23.0,12.8,10.4,1.5,1.6,13.9,22.4,,0.0,0.4,0.5,.066,,-1.6,0.0,-1.6,0.0,
Caleb Martin,SF,24,CHO,3,25,-1.1,.242,.333,.333,0.0,18.6,8.9,16.6,1.9,6.9,22.5,22.6,,-0.2,0.0,-0.1,-0.252,,-13.3,2.8,-10.4,-0.1,
Cody Martin,SF,24,CHO,10,135,11.8,.521,.407,.556,3.2,19.0,10.7,10.3,2.8,0.6,8.2,11.5,,0.2,0.1,0.3,.102,,-1.9,1.2,-0.6,0.0,
Kelan Martin,SF,24,MIN,1,5,-24.0,.000,.333,.000,0.0,21.3,10.4,0.0,0.0,0.0,0.0,24.0,,-0.1,0.0,-0.1,-0.546,,-23.8,-8.0,-31.8,0.0,
Garrison Mathews,SG,23,WAS,2,14,-7.1,.000,1.000,.000,0.0,7.9,3.8,15.7,0.0,0.0,33.3,8.7,,-0.1,0.0,-0.1,-0.203,,-9.0,-2.9,-11.9,0.0,
Wesley Matthews,SG,33,MIL,10,242,8.4,.558,.750,.054,0.4,7.0,3.8,5.2,1.7,0.4,8.0,10.6,,0.1,0.3,0.4,.078,,0.2,0.0,0.2,0.1,
Patrick McCaw,SF,24,TOR,2,40,10.2,.680,.600,.400,5.5,9.3,7.5,10.0,3.5,0.0,33.8,9.5,,0.0,0.1,0.1,.102,,-0.8,2.8,2.0,0.0,
CJ McCollum,SG,28,POR,12,450,12.0,.472,.266,.133,2.5,9.5,6.0,13.2,0.9,1.3,9.9,26.0,,-0.2,0.2,0.0,-0.002,,-2.7,-1.8,-4.5,-0.3,
T.J. McConnell,PG,27,IND,11,187,16.7,.502,.015,.061,3.5,15.7,9.7,36.4,1.6,1.4,17.1,18.8,,0.2,0.3,0.5,.121,,-1.5,0.9,-0.5,0.1,
Jalen McDaniels,PF,22,CHO,1,3,26.9,.500,.000,.000,35.5,0.0,18.5,0.0,0.0,0.0,0.0,28.3,,0.0,0.0,0.0,.136,,1.2,-11.7,-10.4,0.0,
Doug McDermott,PF,28,IND,11,227,10.5,.550,.512,.081,2.4,11.5,7.0,9.7,0.4,0.4,11.9,19.2,,0.1,0.2,0.3,.070,,-0.8,-1.8,-2.6,0.0,
JaVale McGee,C,32,LAL,11,183,22.5,.663,.000,.183,12.7,24.6,18.8,9.0,1.6,6.4,16.7,18.0,,0.4,0.5,0.9,.230,,0.4,4.9,5.3,0.3,
Rodney McGruder,SG,28,LAC,7,91,-2.0,.252,.462,.154,2.3,10.1,6.2,2.8,0.5,1.0,22.4,8.1,,-0.2,0.1,-0.1,-0.064,,-6.7,0.8,-5.8,-0.1,
Alfonzo McKinnie,SF,27,CLE,5,17,6.4,1.500,1.000,.000,6.1,18.4,12.2,0.0,0.0,0.0,50.0,5.0,,0.0,0.0,0.0,.070,,-1.1,-4.3,-5.4,0.0,
Jordan McLaughlin,PG,23,MIN,4,57,3.0,.346,.533,.133,1.8,11.2,6.4,17.9,0.8,0.0,20.1,13.9,,-0.1,0.0,-0.1,-0.061,,-6.5,-1.7,-8.2,-0.1,
Ben McLemore,SG,26,HOU,11,177,7.5,.501,.907,.204,1.1,5.1,3.1,6.9,1.5,0.5,6.4,14.2,,0.1,0.1,0.1,.040,,-1.5,-2.5,-4.0,-0.1,
Jordan McRae,SG,28,WAS,4,45,9.2,.612,.231,.154,2.3,19.5,10.7,11.8,0.0,0.0,17.8,15.2,,0.0,0.0,0.0,.038,,-2.3,-2.7,-4.9,0.0,
Nicolò Melli,C,29,NOP,8,101,10.5,.607,.581,.323,5.0,13.6,9.2,9.3,0.4,1.8,22.0,17.9,,0.0,0.0,0.0,.020,,-1.9,-2.4,-4.3,-0.1,
De'Anthony Melton,PG,21,MEM,4,35,6.3,.346,.333,.133,3.0,9.2,6.0,19.6,5.2,0.0,20.1,23.3,,-0.1,0.0,-0.1,-0.148,,-6.9,-0.1,-7.0,0.0,
Chimezie Metu,PF,22,SAS,4,18,42.7,.547,.000,.182,39.3,18.0,29.0,20.7,0.0,8.8,0.0,27.1,,0.1,0.0,0.1,.370,,11.1,2.3,13.4,0.1,
Khris Middleton,SF,28,MIL,10,308,17.0,.599,.439,.252,2.3,15.2,9.0,13.8,1.2,0.3,13.0,23.7,,0.5,0.4,0.9,.142,,2.0,-1.1,0.9,0.2,
C.J. Miles,SG,32,WAS,4,71,10.5,.419,.567,.167,4.4,10.8,7.5,9.0,1.3,3.5,0.0,18.4,,0.0,0.0,0.0,.024,,-1.2,-1.4,-2.6,0.0,
Malcolm Miller,SG,26,TOR,3,17,-4.9,.000,1.000,.000,0.0,21.8,11.8,7.2,0.0,0.0,33.3,7.5,,-0.1,0.0,0.0,-0.113,,-9.9,1.5,-8.4,0.0,
Patty Mills,PG,31,SAS,11,230,17.0,.640,.548,.247,1.3,6.1,3.6,11.6,1.8,0.0,12.0,20.9,,0.5,0.1,0.6,.125,,3.4,-3.6,-0.1,0.1,
Paul Millsap,PF,34,DEN,10,269,18.1,.608,.292,.416,7.4,16.8,12.1,7.5,1.1,2.7,8.7,18.4,,0.7,0.4,1.1,.199,,1.4,0.9,2.3,0.3,
Shake Milton,SG,23,PHI,4,35,10.2,.573,.706,.294,0.0,9.2,4.7,17.4,0.0,0.0,17.2,27.3,,0.0,0.0,0.0,.051,,-0.1,-5.3,-5.4,0.0,
Donovan Mitchell,SG,23,UTA,11,382,23.2,.571,.228,.284,4.3,11.7,8.2,23.5,2.1,0.2,9.7,31.0,,0.9,0.7,1.6,.203,,3.9,1.5,5.4,0.7,
Naz Mitrou-Long,SG,26,IND,1,3,11.2,.000,1.000,.000,0.0,0.0,0.0,37.4,0.0,29.3,0.0,14.4,,0.0,0.0,0.0,-0.077,,-11.8,6.4,-5.4,0.0,
Malik Monk,SG,21,CHO,11,223,12.1,.576,.451,.159,1.0,14.6,7.5,18.8,0.6,1.2,17.8,20.3,,0.1,0.1,0.2,.036,,-1.5,-1.8,-3.3,-0.1,
E'Twaun Moore,SG,30,NOP,5,83,12.1,.510,.361,.139,3.7,11.5,7.5,8.6,1.1,0.0,5.0,19.3,,0.1,0.0,0.1,.041,,-1.7,-3.7,-5.4,-0.1,
Ja Morant,PG,20,MEM,10,275,17.6,.549,.122,.306,4.2,8.6,6.4,34.4,1.7,0.6,19.3,30.8,,0.1,0.0,0.1,.023,,0.1,-2.6,-2.4,0.0,
Marcus Morris,PF,30,NYK,11,375,14.7,.558,.410,.378,2.8,16.5,9.2,6.0,1.5,2.1,12.1,23.2,,0.3,0.2,0.5,.068,,-1.2,-1.5,-2.7,-0.1,
Markieff Morris,PF,30,DET,12,314,11.0,.579,.438,.232,1.5,15.7,8.6,11.4,1.4,0.3,17.9,20.6,,0.0,0.1,0.1,.018,,-1.0,-2.2,-3.3,-0.1,
Monte Morris,PG,24,DEN,10,178,13.6,.466,.145,.130,0.6,8.5,4.5,30.1,0.8,1.0,6.4,18.8,,0.2,0.2,0.3,.092,,-1.9,-2.1,-4.0,-0.1,
Johnathan Motley,PF,24,LAC,2,4,12.4,.500,.333,.000,25.9,25.6,25.8,86.3,0.0,0.0,40.0,51.4,,0.0,0.0,0.0,-0.147,,4.1,5.3,9.4,0.0,
Emmanuel Mudiay,PG,23,UTA,8,143,17.5,.572,.210,.290,0.8,14.5,8.1,30.2,1.3,1.8,18.6,26.6,,0.1,0.3,0.4,.126,,-0.7,1.9,1.2,0.1,
Dejounte Murray,PG,23,SAS,10,227,19.3,.540,.116,.395,5.3,29.0,16.8,29.8,2.9,1.7,21.7,23.3,,0.1,0.3,0.4,.093,,-0.4,2.8,2.4,0.3,
Jamal Murray,PG,22,DEN,10,336,16.7,.540,.287,.236,2.8,12.5,7.6,23.5,1.5,1.1,13.0,25.5,,0.3,0.4,0.8,.108,,1.1,0.0,1.1,0.3,
Džanan Musa,SG,20,BRK,5,48,9.0,.582,.500,.222,0.0,15.3,7.7,3.0,0.0,0.0,16.8,19.8,,0.0,0.0,0.0,-0.007,,-4.0,-5.3,-9.4,-0.1,
Mike Muscala,C,28,OKC,10,120,6.4,.410,.850,.150,3.6,17.3,10.6,14.2,0.4,2.0,10.5,17.2,,-0.1,0.1,0.0,.012,,-3.1,-0.2,-3.3,0.0,
Sviatoslav Mykhailiuk,SG,22,DET,7,93,7.4,.649,.739,.087,1.3,10.1,5.7,12.2,0.0,0.9,27.4,15.2,,0.0,0.0,0.0,-0.010,,-1.5,-3.6,-5.2,-0.1,
Abdel Nader,SF,26,OKC,5,61,0.1,.414,.550,.200,3.6,13.6,8.7,7.1,0.0,1.3,26.9,21.1,,-0.2,0.1,-0.2,-0.146,,-9.1,-1.5,-10.6,-0.1,
Larry Nance,C,27,CLE,10,245,16.1,.609,.409,.273,6.3,23.0,14.6,7.3,2.0,1.4,13.0,14.8,,0.4,0.3,0.7,.147,,0.4,1.8,2.2,0.3,
Shabazz Napier,PG,28,MIN,6,133,12.8,.470,.721,.372,0.8,11.2,5.9,26.9,3.1,1.8,19.3,18.6,,0.0,0.2,0.1,.052,,-1.9,0.2,-1.7,0.0,
Raul Neto,PG,27,PHI,10,143,12.5,.609,.244,.049,0.8,9.0,5.0,19.9,2.0,1.2,23.7,15.8,,0.1,0.2,0.2,.079,,-2.1,-0.3,-2.5,0.0,
Georges Niang,PF,26,UTA,9,82,6.8,.624,.684,.316,0.0,11.4,6.1,7.4,0.0,0.0,15.6,13.8,,0.1,0.1,0.2,.100,,-1.5,-0.2,-1.7,0.0,
Nerlens Noel,C,25,OKC,11,194,20.4,.685,.000,.354,5.6,17.6,11.8,15.4,2.2,7.8,19.0,15.3,,0.4,0.4,0.8,.207,,-0.7,6.3,5.6,0.4,
Zach Norvell,SG,22,LAL,2,5,-5.8,.000,.000,.000,0.0,20.9,10.7,0.0,0.0,0.0,0.0,8.5,,0.0,0.0,0.0,-0.133,,-13.9,-1.7,-15.6,0.0,
Jaylen Nowell,SG,20,MIN,1,1,0.0,,,,0.0,0.0,0.0,0.0,0.0,0.0,,0.0,,0.0,0.0,0.0,-0.004,,-6.5,0.2,-6.2,0.0,
Frank Ntilikina,PG,21,NYK,10,247,9.3,.450,.407,.111,2.0,9.1,5.3,17.6,2.9,3.5,18.7,11.8,,-0.1,0.2,0.1,.020,,-3.8,1.9,-1.9,0.0,
Kendrick Nunn,SG,24,MIA,10,292,14.4,.551,.414,.131,0.4,8.1,4.4,16.3,2.5,1.0,13.0,25.5,,0.1,0.5,0.5,.088,,-0.5,-0.7,-1.2,0.1,
David Nwaba,SG,27,BRK,7,85,7.9,.639,.333,.889,2.5,19.8,11.2,4.3,1.1,5.5,28.5,8.3,,0.0,0.1,0.1,.046,,-4.0,2.1,-2.0,0.0,
Royce O'Neale,PF,26,UTA,11,308,9.4,.714,.511,.133,0.4,15.5,8.4,10.8,1.1,1.1,20.1,8.6,,0.4,0.6,0.9,.142,,-0.3,3.7,3.4,0.4,
Kyle O'Quinn,C,29,PHI,10,100,17.7,.580,.387,.194,14.4,23.7,19.1,20.1,0.9,5.1,21.1,17.5,,0.1,0.2,0.3,.152,,1.1,3.2,4.3,0.2,
Semi Ojeleye,PF,25,BOS,10,94,2.8,.423,.417,.417,2.2,10.5,6.4,2.6,0.5,0.0,6.6,6.8,,0.0,0.1,0.0,.024,,-3.8,-0.7,-4.5,-0.1,
Jahlil Okafor,C,24,NOP,9,159,20.6,.671,.000,.519,10.2,18.6,14.3,10.3,1.1,5.6,18.4,20.4,,0.4,0.1,0.5,.142,,-0.3,1.2,0.9,0.1,
Elie Okobo,PG,22,PHO,5,17,27.7,.628,.429,.571,0.0,13.1,6.6,37.3,2.7,0.0,0.0,21.9,,0.1,0.0,0.1,.324,,7.5,-1.4,6.1,0.0,
Josh Okogie,SG,21,MIN,11,274,12.7,.523,.352,.606,7.8,16.4,12.0,10.8,2.5,0.9,16.7,15.7,,0.2,0.3,0.5,.089,,-1.6,1.4,-0.2,0.1,
KZ Okpala,SF,20,MIA,2,3,-13.2,,,,0.0,35.7,18.6,0.0,0.0,0.0,100.0,14.1,,0.0,0.0,0.0,-0.364,,-22.5,-0.4,-22.8,0.0,
Kelly Olynyk,C,28,MIA,10,224,10.0,.512,.618,.206,4.2,19.6,12.2,12.7,2.1,2.3,15.9,16.6,,0.0,0.4,0.5,.096,,-1.5,2.4,0.9,0.2,
Miye Oni,SG,22,UTA,1,2,0.0,,,,0.0,0.0,0.0,0.0,0.0,0.0,,0.0,,0.0,0.0,0.0,.043,,-5.2,3.0,-2.3,0.0,
Cedi Osman,SF,24,CLE,10,306,9.2,.532,.550,.075,1.0,8.5,4.8,10.4,1.7,0.6,10.8,12.9,,0.1,0.3,0.4,.063,,-0.5,0.6,0.0,0.2,
Kelly Oubre,SF,24,PHO,10,291,15.7,.576,.316,.359,5.5,15.0,10.2,7.6,1.4,2.3,10.6,22.1,,0.4,0.4,0.8,.128,,0.0,0.4,0.4,0.2,
Jabari Parker,PF,24,ATL,10,274,21.2,.610,.306,.201,7.5,16.2,12.0,10.6,1.4,2.3,11.5,25.5,,0.6,0.2,0.8,.144,,2.7,-1.3,1.4,0.2,
Eric Paschall,PF,23,GSW,11,337,15.8,.604,.203,.341,3.8,11.3,7.5,6.6,0.8,1.0,9.0,19.2,,0.7,-0.2,0.5,.070,,0.4,-3.8,-3.4,-0.1,
Patrick Patterson,PF,30,LAC,11,213,8.2,.493,.741,.074,5.4,14.0,9.7,7.6,0.4,0.4,9.7,11.9,,0.1,0.2,0.3,.072,,-0.4,-0.4,-0.8,0.1,
Justin Patton,C,22,OKC,1,6,-26.4,.000,.500,.000,0.0,34.6,17.7,0.0,0.0,0.0,33.3,21.6,,-0.1,0.0,-0.1,-0.517,,-25.2,-4.9,-30.1,0.0,
Chris Paul,PG,34,OKC,11,324,18.8,.595,.392,.400,0.7,12.2,6.5,29.5,2.9,0.0,17.0,22.7,,0.6,0.5,1.0,.155,,1.7,0.3,2.0,0.3,
Elfrid Payton,PG,25,NYK,4,102,13.8,.506,.276,.207,2.8,10.0,6.1,23.0,4.7,0.0,18.1,15.9,,0.0,0.1,0.1,.068,,-2.0,0.7,-1.3,0.0,
Theo Pinson,SG,24,BRK,2,10,16.5,.410,.750,.500,0.0,21.0,10.6,38.6,4.5,0.0,17.0,23.6,,0.0,0.0,0.0,.045,,-0.7,-0.2,-0.9,0.0,
Mason Plumlee,C,29,DEN,10,164,18.5,.587,.026,.684,10.9,25.6,18.1,22.3,2.1,3.9,20.8,16.4,,0.3,0.4,0.6,.183,,-0.2,4.9,4.7,0.3,
Vincent Poirier,C,26,BOS,5,29,9.7,.394,.000,.250,17.7,10.2,13.9,13.5,1.6,6.1,25.3,17.3,,0.0,0.0,0.0,.027,,-4.0,3.6,-0.5,0.0,
Jakob Pöltl,C,24,SAS,11,159,15.2,.535,.000,.457,14.0,19.0,16.4,13.3,1.2,3.5,19.2,13.5,,0.2,0.1,0.3,.105,,-0.5,1.8,1.3,0.1,
Jordan Poole,SG,20,GSW,12,332,4.5,.413,.542,.183,0.6,7.9,4.2,10.2,1.4,0.8,11.8,20.1,,-0.6,-0.2,-0.7,-0.108,,-4.3,-4.1,-8.3,-0.5,
Kevin Porter,SG,19,CLE,9,168,7.1,.457,.333,.259,2.5,11.8,7.1,7.8,0.9,2.0,13.0,17.5,,-0.1,0.1,0.0,.003,,-4.3,0.0,-4.3,-0.1,
Michael Porter,PF,21,DEN,6,55,18.6,.632,.238,.381,11.4,15.7,13.5,3.2,0.0,0.0,10.9,21.5,,0.1,0.1,0.2,.156,,0.4,-4.1,-3.7,0.0,
Otto Porter,SF,26,CHI,9,226,13.9,.544,.476,.238,3.6,11.0,7.1,9.4,1.9,1.2,7.0,18.4,,0.3,0.2,0.5,.104,,0.5,-0.7,-0.2,0.1,
Bobby Portis,C,24,NYK,11,262,13.7,.439,.275,.128,10.7,24.1,16.9,10.4,1.7,1.5,8.7,20.2,,0.0,0.2,0.2,.032,,-3.0,-0.2,-3.2,-0.1,
Kristaps Porziņģis,PF,24,DAL,9,283,15.3,.504,.381,.259,2.9,22.9,13.0,8.3,0.3,6.6,9.9,26.9,,0.0,0.3,0.3,.051,,-3.1,0.2,-2.9,-0.1,
Dwight Powell,PF,28,DAL,7,186,14.0,.638,.098,.463,10.1,11.0,10.6,6.1,1.3,1.4,16.8,13.4,,0.3,0.1,0.4,.111,,0.5,0.0,0.5,0.1,
Norman Powell,SG,26,TOR,11,284,9.8,.529,.488,.310,1.9,13.7,8.3,7.0,1.2,1.5,13.6,16.6,,0.0,0.4,0.4,.064,,-2.5,1.0,-1.5,0.0,
Julius Randle,PF,25,NYK,11,371,12.6,.488,.252,.377,8.1,22.8,14.9,19.7,1.2,0.5,19.6,24.8,,-0.3,0.2,-0.1,-0.016,,-2.8,-0.3,-3.1,-0.1,
Cam Reddish,SF,20,ATL,10,235,2.5,.335,.408,.184,2.9,13.9,8.6,10.3,2.2,0.8,18.8,18.3,,-0.8,0.2,-0.5,-0.111,,-7.3,-0.1,-7.4,-0.3,
J.J. Redick,SG,35,NOP,10,249,11.0,.604,.725,.231,0.8,7.2,3.9,7.6,0.7,1.8,15.2,18.9,,0.2,0.0,0.1,.026,,-0.1,-3.2,-3.3,-0.1,
Josh Richardson,SG,26,PHI,11,370,11.8,.516,.387,.234,2.1,9.9,6.0,18.5,2.0,1.6,17.0,20.2,,0.0,0.5,0.5,.067,,-1.2,0.4,-0.8,0.1,
Austin Rivers,SG,27,HOU,11,236,8.2,.528,.632,.132,2.6,8.9,5.7,8.3,0.0,0.4,5.3,12.9,,0.2,0.0,0.3,.051,,-1.7,-2.7,-4.4,-0.1,
Duncan Robinson,PF,25,MIA,10,226,10.0,.602,.767,.055,0.5,11.8,6.4,4.0,0.6,2.7,9.7,15.4,,0.2,0.3,0.5,.096,,-0.4,-0.3,-0.8,0.1,
Glenn Robinson,SF,26,GSW,12,369,13.7,.572,.317,.135,8.0,11.5,9.7,8.8,1.7,0.5,10.6,13.9,,0.5,-0.1,0.4,.056,,1.1,-1.9,-0.9,0.1,
Jerome Robinson,SG,22,LAC,6,41,0.0,.412,.353,.000,0.0,12.5,6.3,14.3,1.1,0.0,29.2,24.1,,-0.2,0.0,-0.2,-0.182,,-9.4,-1.6,-11.0,-0.1,
Justin Robinson,PG,22,WAS,3,12,9.4,.500,.200,.000,8.7,18.3,13.4,22.5,0.0,0.0,28.6,23.6,,0.0,0.0,0.0,-0.092,,-4.8,-2.8,-7.5,0.0,
Mitchell Robinson,C,21,NYK,7,123,30.4,.735,.000,.385,16.5,19.3,17.8,6.3,2.0,10.3,9.9,17.3,,0.6,0.2,0.7,.285,,3.2,4.4,7.6,0.3,
Rajon Rondo,PG,33,LAL,1,14,23.9,.417,.500,.000,0.0,44.9,23.0,67.0,0.0,0.0,0.0,18.2,,0.1,0.0,0.1,.297,,4.0,2.5,6.5,0.0,
Derrick Rose,PG,31,DET,7,170,25.1,.575,.059,.265,2.1,6.2,4.1,50.7,2.3,1.9,16.8,34.7,,0.4,0.1,0.4,.125,,3.3,-3.1,0.2,0.1,
Terrence Ross,SG,28,ORL,9,200,7.7,.443,.602,.148,2.0,12.9,7.2,8.8,2.2,0.9,13.0,23.4,,-0.4,0.3,-0.1,-0.015,,-3.6,-0.5,-4.1,-0.1,
Terry Rozier,PG,25,CHO,11,350,13.9,.540,.436,.224,1.5,12.6,6.8,26.5,1.6,0.7,18.1,25.4,,0.1,0.2,0.3,.035,,-0.3,-1.5,-1.8,0.0,
Ricky Rubio,PG,29,PHO,9,293,18.4,.541,.283,.302,1.5,20.6,11.1,37.8,2.2,0.0,13.7,20.2,,0.7,0.4,1.1,.182,,1.9,1.6,3.4,0.4,
D'Angelo Russell,SG,23,GSW,9,290,23.8,.572,.412,.322,0.7,12.0,6.3,38.2,1.1,1.2,11.0,32.6,,0.8,-0.1,0.6,.106,,6.6,-4.5,2.2,0.3,
Domantas Sabonis,C,23,IND,9,314,22.5,.571,.078,.241,11.6,30.2,20.9,16.9,0.9,2.0,12.4,24.4,,0.8,0.6,1.3,.200,,1.3,2.2,3.6,0.4,
JaKarr Sampson,SF,26,IND,7,142,11.2,.574,.243,.189,4.7,11.5,8.1,1.9,1.7,3.1,9.1,13.4,,0.1,0.2,0.3,.106,,-1.9,1.2,-0.7,0.0,
Dario Šarić,PF,25,PHO,10,279,12.1,.539,.511,.148,5.3,18.8,12.1,10.8,2.0,0.6,13.8,16.6,,0.1,0.4,0.5,.090,,-0.2,1.6,1.4,0.2,
Tomáš Satoranský,PG,28,CHI,11,284,14.2,.587,.342,.219,3.2,8.0,5.5,28.9,2.1,0.6,21.6,15.0,,0.4,0.3,0.6,.109,,-0.1,-1.0,-1.0,0.1,
Admiral Schofield,SF,22,WAS,5,51,18.2,.935,.700,.400,4.1,12.9,8.4,2.5,0.0,0.0,0.0,9.3,,0.2,0.0,0.2,.195,,5.0,-4.1,0.9,0.0,
Dennis Schröder,PG,26,OKC,11,317,13.7,.514,.341,.225,2.4,15.4,9.0,25.4,1.9,0.8,17.4,25.1,,-0.1,0.4,0.3,.051,,-1.7,0.8,-0.9,0.1,
Mike Scott,PF,31,PHI,11,194,11.7,.603,.533,.083,5.7,16.7,11.2,3.6,0.7,0.0,8.8,14.5,,0.3,0.2,0.5,.119,,0.0,-2.1,-2.1,0.0,
Thabo Sefolosha,SF,35,HOU,9,98,8.8,.348,.565,.000,9.2,19.3,14.3,15.8,1.4,2.6,14.8,11.0,,0.0,0.1,0.1,.044,,-3.8,1.7,-2.0,0.0,
Collin Sexton,PG,21,CLE,10,312,15.1,.539,.304,.222,2.3,8.0,5.2,12.8,0.9,0.3,9.4,26.1,,0.3,0.2,0.5,.075,,0.4,-2.4,-2.0,0.0,
Landry Shamet,SG,22,LAC,10,294,6.6,.559,.753,.130,0.0,5.2,2.6,7.9,0.6,0.3,12.8,13.1,,0.2,0.2,0.4,.060,,-0.2,-1.3,-1.4,0.0,
Pascal Siakam,PF,25,TOR,11,404,21.8,.586,.291,.248,5.1,18.8,12.6,19.2,0.9,1.3,11.8,30.5,,0.8,0.6,1.4,.171,,2.6,0.6,3.1,0.5,
Chris Silva,PF,23,MIA,10,78,20.7,.743,.056,.444,24.0,19.2,21.5,11.7,1.8,11.6,33.8,17.6,,0.2,0.2,0.4,.236,,1.2,7.7,8.9,0.2,
Ben Simmons,PG,23,PHI,9,293,17.1,.556,.000,.280,3.4,15.4,9.5,30.1,3.7,1.5,22.2,20.3,,0.1,0.6,0.7,.115,,-0.7,3.1,2.4,0.3,
Anfernee Simons,SG,20,POR,12,259,15.3,.593,.500,.182,1.2,7.5,4.3,8.5,1.4,0.6,10.5,21.2,,0.4,0.1,0.5,.097,,1.2,-2.6,-1.4,0.0,
Marcus Smart,SG,25,BOS,10,313,15.0,.567,.691,.144,1.6,8.9,5.3,20.3,1.7,1.4,7.2,15.0,,0.7,0.3,1.0,.150,,3.1,-0.4,2.7,0.4,
Dennis Smith,PG,22,NYK,4,40,-11.9,.101,.286,.143,0.0,2.8,1.3,17.3,3.6,2.4,25.2,20.9,,-0.3,0.0,-0.3,-0.370,,-16.1,-1.1,-17.2,-0.2,
Ish Smith,PG,31,WAS,9,227,9.9,.464,.284,.104,3.2,8.7,5.9,20.8,0.8,1.4,12.5,14.3,,0.1,-0.1,0.1,.013,,-1.7,-1.6,-3.3,-0.1,
Tony Snell,SF,28,DET,12,344,11.7,.633,.710,.043,1.7,4.4,3.1,9.7,1.0,0.5,6.0,12.6,,0.7,0.0,0.6,.087,,2.8,-3.0,-0.3,0.2,
Omari Spellman,PF,22,GSW,11,176,17.4,.491,.230,.344,16.2,21.0,18.5,12.5,2.4,2.9,16.6,19.9,,0.1,0.1,0.2,.053,,-0.6,-0.1,-0.7,0.1,
Edmond Sumner,PG,24,IND,3,67,12.6,.520,.167,.278,1.6,3.3,2.5,11.8,3.6,1.3,4.7,13.6,,0.1,0.1,0.2,.131,,-1.2,1.2,0.0,0.0,
Caleb Swanigan,PF,22,SAC,4,11,6.6,.521,.000,1.000,9.9,33.4,21.0,0.0,4.4,16.7,51.0,22.8,,-0.1,0.0,0.0,-0.154,,-15.7,6.9,-8.8,0.0,
Jayson Tatum,PF,21,BOS,10,345,16.1,.498,.337,.185,4.8,16.1,10.5,11.0,2.1,1.5,8.3,26.6,,0.1,0.5,0.6,.080,,-0.8,-0.3,-1.0,0.1,
Jeff Teague,PG,31,MIN,7,181,21.1,.641,.306,.500,0.6,8.3,4.3,36.0,2.5,0.4,16.5,20.0,,0.6,0.2,0.8,.206,,2.2,-2.3,-0.1,0.1,
Garrett Temple,SG,33,BRK,10,217,13.8,.602,.737,.211,2.5,9.2,5.9,9.7,2.5,1.8,8.8,12.6,,0.4,0.1,0.5,.116,,1.7,-0.3,1.4,0.2,
Daniel Theis,C,27,BOS,8,174,12.8,.500,.214,.381,5.9,23.3,14.8,7.5,0.5,8.6,10.9,13.4,,0.1,0.3,0.4,.118,,-3.2,4.6,1.5,0.2,
Isaiah Thomas,PG,30,WAS,7,169,16.6,.554,.464,.095,0.6,8.5,4.4,37.8,0.5,1.0,17.1,25.3,,0.3,-0.1,0.2,.054,,1.7,-4.9,-3.2,-0.1,
Khyri Thomas,SG,23,DET,2,6,4.1,.568,,,0.0,0.0,0.0,0.0,0.0,0.0,0.0,6.3,,0.0,0.0,0.0,.017,,-3.5,-3.7,-7.2,0.0,
Matt Thomas,SG,25,TOR,8,91,12.6,.761,.739,.130,1.2,7.1,4.4,4.9,1.5,0.0,14.1,13.3,,0.2,0.1,0.3,.135,,1.9,-0.8,1.1,0.1,
Tristan Thompson,C,28,CLE,10,335,23.7,.565,.046,.260,14.9,20.6,17.7,11.6,1.3,3.5,5.8,19.7,,1.0,0.5,1.5,.215,,3.0,2.6,5.6,0.6,
Matisse Thybulle,SG,22,PHI,10,148,6.2,.406,.629,.286,2.2,5.8,4.1,9.4,5.0,6.3,27.6,15.1,,-0.4,0.4,0.0,.002,,-5.0,5.8,0.9,0.1,
Anthony Tolliver,PF,34,POR,11,193,4.7,.389,.805,.220,3.7,16.3,10.0,5.3,0.7,1.7,15.1,11.4,,-0.2,0.1,-0.1,-0.021,,-4.0,0.0,-4.0,-0.1,
Karl-Anthony Towns,C,24,MIN,9,295,29.5,.624,.509,.384,8.6,30.0,19.1,21.8,2.0,3.8,11.0,28.3,,1.2,0.5,1.7,.273,,7.1,2.7,9.8,0.9,
Gary Trent,SG,21,POR,7,59,7.5,.444,.667,.000,5.2,12.1,8.6,6.9,0.8,0.0,5.3,13.3,,0.0,0.0,0.0,.029,,-1.7,-2.1,-3.8,0.0,
Allonzo Trier,SG,24,NYK,8,117,12.3,.659,.588,.618,0.8,10.6,5.3,16.8,0.8,2.5,24.5,20.5,,0.1,0.0,0.1,.054,,-1.4,-2.4,-3.8,-0.1,
P.J. Tucker,PF,34,HOU,11,379,12.3,.683,.667,.115,4.8,14.2,9.5,6.5,1.7,1.3,13.7,10.0,,0.7,0.3,1.0,.124,,0.7,0.9,1.6,0.4,
Evan Turner,PG,31,ATL,3,34,19.2,.652,.143,.714,0.0,9.3,4.8,29.2,4.2,0.0,17.9,14.0,,0.1,0.0,0.1,.188,,0.1,-1.0,-0.9,0.0,
Myles Turner,C,23,IND,4,126,17.7,.671,.375,.225,7.9,15.6,11.7,2.2,0.8,3.5,13.7,17.4,,0.3,0.2,0.4,.163,,0.6,-0.1,0.4,0.1,
Jonas Valančiūnas,C,27,MEM,11,248,18.7,.574,.174,.157,9.7,35.0,22.2,14.0,0.4,2.8,16.3,24.3,,0.2,0.2,0.4,.081,,-1.4,-0.1,-1.5,0.0,
Denzel Valentine,SG,26,CHI,2,6,3.5,.300,.600,.000,16.8,18.0,17.3,0.0,0.0,0.0,0.0,34.7,,0.0,0.0,0.0,-0.201,,-8.6,-13.2,-21.7,0.0,
Jarred Vanderbilt,PF,20,DEN,2,7,-1.1,,,,0.0,15.4,7.6,18.0,0.0,0.0,100.0,6.1,,0.0,0.0,0.0,-0.099,,-11.4,1.2,-10.1,0.0,
Fred VanVleet,SG,25,TOR,11,423,15.5,.539,.448,.299,0.3,9.9,5.5,29.1,2.0,0.4,13.0,20.2,,0.7,0.6,1.2,.141,,1.1,0.2,1.4,0.4,
Noah Vonleh,C,24,MIN,11,147,13.1,.589,.229,.371,7.6,21.8,14.5,9.3,1.2,1.6,18.1,13.5,,0.2,0.2,0.3,.109,,-2.6,0.8,-1.8,0.0,
Nikola Vučević,C,29,ORL,11,350,21.7,.521,.236,.184,7.6,30.7,18.7,17.8,1.3,2.6,7.4,25.2,,0.5,0.7,1.2,.171,,1.2,2.6,3.7,0.5,
Moritz Wagner,C,22,WAS,9,160,17.9,.685,.311,.393,7.8,22.0,14.7,2.7,1.7,5.1,23.5,23.7,,0.2,0.1,0.3,.085,,-1.2,-0.6,-1.8,0.0,
Kemba Walker,PG,29,BOS,10,338,24.5,.607,.550,.328,3.6,11.4,7.6,21.1,1.3,1.8,8.9,28.2,,1.2,0.3,1.6,.225,,7.1,-1.3,5.7,0.7,
Lonnie Walker,SG,21,SAS,7,29,-7.7,.188,.167,.250,3.5,26.0,14.4,8.6,0.0,2.7,18.4,23.1,,-0.2,0.0,-0.2,-0.326,,-15.4,-1.8,-17.2,-0.1,
Tyrone Wallace,SG,25,ATL,7,89,6.9,.491,.280,.600,3.9,15.4,9.9,9.6,1.1,0.0,18.1,18.4,,-0.1,0.1,0.0,-0.009,,-4.6,-2.1,-6.7,-0.1,
Taurean Waller-Prince,SF,25,BRK,10,309,12.2,.590,.625,.154,3.5,18.0,10.8,5.3,1.8,1.0,15.3,17.0,,0.2,0.2,0.4,.059,,-0.2,-1.2,-1.4,0.0,
Derrick Walton,PG,24,LAC,2,3,0.0,,,,0.0,0.0,0.0,0.0,0.0,0.0,,0.0,,0.0,0.0,0.0,.016,,-5.0,1.1,-3.9,0.0,
Brad Wanamaker,PG,30,BOS,10,131,16.6,.657,.212,.455,1.6,12.8,7.3,21.9,2.5,0.7,20.2,16.0,,0.3,0.2,0.5,.167,,0.4,0.3,0.7,0.1,
T.J. Warren,SF,26,IND,11,379,16.2,.571,.167,.131,2.0,8.3,5.2,6.0,2.0,0.9,7.3,21.8,,0.5,0.5,1.0,.123,,-0.1,-0.4,-0.5,0.1,
PJ Washington,PF,21,CHO,11,342,14.7,.603,.371,.238,3.7,18.0,10.6,6.8,1.9,2.3,12.8,16.5,,0.4,0.3,0.7,.095,,-0.6,0.9,0.4,0.2,
Yuta Watanabe,SG,25,MEM,1,3,50.0,1.000,.000,.000,0.0,35.7,17.6,0.0,0.0,0.0,0.0,27.3,,0.0,0.0,0.0,.441,,10.1,-10.7,-0.6,0.0,
Russell Westbrook,PG,31,HOU,10,326,19.0,.517,.271,.326,4.0,20.5,12.3,36.3,2.5,1.0,17.2,30.6,,0.1,0.4,0.5,.081,,-0.2,1.3,1.1,0.3,
Coby White,PG,19,CHI,11,267,11.1,.467,.463,.199,0.8,13.7,7.0,14.9,1.2,0.0,8.6,25.2,,-0.2,0.2,0.0,.002,,-2.2,-2.7,-4.8,-0.2,
Derrick White,PG,25,SAS,11,260,15.8,.574,.269,.366,3.1,9.9,6.4,14.2,0.9,2.4,8.5,18.6,,0.6,0.1,0.7,.127,,1.2,-1.4,-0.3,0.1,
Hassan Whiteside,C,30,POR,11,303,24.2,.611,.000,.365,15.2,29.8,22.5,5.8,0.6,5.2,13.6,21.1,,0.9,0.4,1.3,.200,,-0.2,1.1,0.9,0.2,
Andrew Wiggins,SF,24,MIN,11,382,22.4,.563,.313,.230,3.7,11.7,7.6,18.5,1.0,2.5,6.3,28.3,,1.0,0.3,1.3,.165,,3.1,-1.2,1.9,0.4,
Grant Williams,PF,21,BOS,10,153,6.7,.363,.452,.452,6.0,11.6,8.9,9.6,1.9,4.0,15.9,12.2,,-0.1,0.2,0.1,.025,,-3.7,2.8,-0.9,0.0,
Kenrich Williams,PF,25,NOP,10,205,13.7,.566,.653,.224,7.4,16.5,11.9,10.6,2.0,2.6,6.9,11.2,,0.4,0.1,0.5,.116,,1.2,0.9,2.1,0.2,
Lou Williams,SG,33,LAC,11,360,18.6,.530,.280,.425,2.3,10.3,6.3,27.2,0.5,0.8,11.9,29.7,,0.6,0.3,0.9,.124,,1.8,-1.8,0.0,0.2,
Marvin Williams,PF,33,CHO,11,186,11.2,.601,.604,.250,2.9,11.9,7.2,4.7,1.3,1.4,10.1,13.5,,0.2,0.1,0.3,.075,,-0.8,-1.0,-1.8,0.0,
Robert Williams,C,22,BOS,8,128,24.2,.759,.000,.333,7.2,23.2,15.4,16.6,3.0,8.9,16.2,12.2,,0.4,0.3,0.7,.280,,2.4,7.7,10.1,0.4,
Nigel Williams-Goss,PG,25,UTA,4,8,-14.7,.000,.500,.000,0.0,0.0,0.0,16.2,0.0,0.0,33.3,16.6,,-0.1,0.0,-0.1,-0.350,,-16.7,-3.8,-20.4,0.0,
D.J. Wilson,PF,23,MIL,4,17,-1.3,.278,.778,.000,0.0,22.0,11.5,15.1,0.0,0.0,10.0,24.2,,-0.1,0.0,-0.1,-0.188,,-7.8,-3.2,-11.0,0.0,
Justise Winslow,SF,23,MIA,5,181,9.1,.434,.167,.236,5.8,18.3,12.4,20.2,1.3,1.7,16.8,22.2,,-0.2,0.3,0.1,.014,,-4.7,1.8,-2.9,0.0,
Christian Wood,PF,24,DET,10,158,21.4,.695,.340,.540,6.7,22.3,14.5,3.1,0.9,4.7,12.7,19.3,,0.4,0.1,0.5,.153,,0.9,-1.6,-0.7,0.1,
Delon Wright,SG,27,DAL,10,236,17.8,.610,.262,.230,2.2,13.5,7.9,22.1,2.2,0.7,8.2,13.0,,0.7,0.2,0.9,.176,,2.0,0.1,2.1,0.2,
Thaddeus Young,PF,31,CHI,11,251,13.9,.527,.414,.121,5.6,12.9,9.1,10.7,2.4,1.1,12.6,19.8,,0.0,0.3,0.3,.064,,-0.6,0.1,-0.4,0.1,
Trae Young,PG,21,ATL,9,302,26.9,.606,.458,.369,2.3,11.5,7.1,47.1,2.2,0.3,17.8,35.5,,0.9,0.2,1.1,.178,,8.8,-1.8,6.9,0.7,
Cody Zeller,C,27,CHO,10,270,20.3,.616,.234,.319,14.2,25.9,19.8,8.5,1.2,1.0,12.3,19.2,,0.7,0.2,0.9,.163,,1.6,-0.5,1.1,0.2,
Ivica Zubac,C,22,LAC,11,172,28.0,.657,.000,.444,15.7,28.6,22.2,6.7,0.8,7.5,10.7,20.2,,0.7,0.4,1.1,.295,,1.9,3.2,5.1,0.3,