player,pos,age,team_id,g,gs,mp,fg_per_poss,fga_per_poss,fg_pct,fg3_per_poss,fg3a_per_poss,fg3_pct,fg2_per_poss,fg2a_per_poss,fg2_pct,ft_per_poss,fta_per_poss,ft_pct,orb_per_poss,drb_per_poss,trb_per_poss,ast_per_poss,stl_per_poss,blk_per_poss,tov_per_poss,pf_per_poss,pts_per_poss,,off_rtg,def_rtg,
Steven Adams,C,26,OKC,8,8,206,7.1,13.8,.517,0.0,0.0,,7.1,13.8,.517,1.4,5.3,.261,5.8,12.0,17.8,3.5,0.7,1.4,2.3,3.0,15.7,,104,104,
Bam Adebayo,C,22,MIA,10,10,314,6.7,11.4,.584,0.1,0.7,.200,6.5,10.7,.611,6.2,10.2,.609,3.7,10.8,14.5,6.8,2.4,2.1,4.0,4.6,19.7,,117,97,
LaMarcus Aldridge,C,34,SAS,11,11,353,10.6,20.3,.523,0.4,1.7,.231,10.2,18.5,.550,4.5,5.6,.810,3.0,5.6,8.6,3.4,0.9,2.5,2.9,3.6,26.1,,113,110,
Nickeil Alexander-Walker,SG,21,NOP,10,0,123,6.5,22.6,.290,3.3,11.3,.290,3.3,11.3,.290,1.8,2.2,.833,0.7,6.5,7.3,8.7,1.5,0.0,4.7,6.2,18.2,,83,115,
Grayson Allen,SG,24,MEM,5,0,84,6.0,19.0,.314,2.7,10.3,.263,3.3,8.7,.375,5.4,6.5,.833,0.5,4.9,5.4,4.3,1.1,0.0,3.8,5.4,20.1,,89,116,
Jarrett Allen,C,21,BRK,10,7,255,5.7,9.4,.604,0.0,0.0,,5.7,9.4,.604,3.7,6.7,.553,5.3,9.9,15.3,1.6,0.7,2.8,3.0,4.8,15.1,,114,110,
Al-Farouq Aminu,PF,29,ORL,11,0,217,3.2,10.4,.304,1.4,4.5,.300,1.8,5.9,.308,2.5,3.4,.733,2.7,8.8,11.5,2.3,2.3,1.4,2.0,5.0,10.2,,91,100,
Kyle Anderson,SF,26,MEM,11,0,227,6.0,11.9,.508,0.4,2.2,.182,5.6,9.7,.583,3.0,5.0,.600,1.6,8.0,9.7,5.4,2.0,1.8,1.8,4.4,15.5,,113,110,
Ryan Anderson,PF,31,HOU,2,0,14,6.4,22.4,.286,3.2,16.0,.200,3.2,6.4,.500,0.0,0.0,,0.0,22.4,22.4,6.4,3.2,0.0,3.2,3.2,16.0,,77,97,
Giannis Antetokounmpo,PF,25,MIL,10,10,331,14.5,24.9,.585,1.6,5.3,.308,12.9,19.6,.660,9.7,15.0,.645,3.1,16.3,19.4,9.2,1.8,2.2,6.0,5.7,40.4,,120,97,
Kostas Antetokounmpo,PF,22,LAL,2,0,3,0.0,0.0,,0.0,0.0,,0.0,0.0,,0.0,0.0,,0.0,15.8,15.8,0.0,0.0,0.0,0.0,0.0,0.0,,,100,
Thanasis Antetokounmpo,SF,27,MIL,1,0,6,7.5,15.0,.500,0.0,0.0,,7.5,15.0,.500,0.0,0.0,,15.0,0.0,15.0,7.5,0.0,0.0,0.0,0.0,15.0,,149,113,
OG Anunoby,SF,22,TOR,10,10,300,7.2,12.9,.554,3.0,5.6,.528,4.2,7.3,.574,0.9,1.6,.600,1.9,6.8,8.7,2.8,1.9,2.0,1.6,3.7,18.2,,124,102,
Ryan Arcidiacono,PG,25,CHI,11,0,165,3.4,8.2,.414,2.0,4.3,.467,1.4,4.0,.357,3.1,3.7,.846,1.4,4.5,6.0,6.2,2.0,0.3,1.1,5.7,11.9,,131,108,
Trevor Ariza,SF,34,SAC,10,0,213,3.4,9.1,.375,2.7,7.1,.387,0.7,2.1,.333,0.9,1.1,.800,0.9,7.5,8.4,2.1,2.1,0.0,1.4,3.9,10.5,,108,111,
D.J. Augustin,PG,32,ORL,11,5,280,6.7,16.8,.396,1.2,4.9,.250,5.4,11.9,.456,3.9,4.4,.880,1.2,2.5,3.7,8.8,0.9,0.0,2.1,2.1,18.4,,108,108,
Deandre Ayton,C,21,PHO,1,1,33,12.6,19.6,.643,0.0,0.0,,12.6,19.6,.643,0.0,0.0,,4.2,11.2,15.4,0.0,1.4,5.6,0.0,2.8,25.2,,129,97,
Dwayne Bacon,SG,24,CHO,10,10,253,7.1,20.8,.342,1.5,5.8,.258,5.6,15.0,.375,2.8,4.1,.682,1.3,4.9,6.2,3.0,1.5,0.2,3.4,4.5,18.6,,81,112,
Marvin Bagley,PF,20,SAC,1,1,28,10.4,27.7,.375,0.0,0.0,,10.4,27.7,.375,3.5,6.9,.500,6.9,10.4,17.3,0.0,1.7,1.7,1.7,1.7,24.3,,89,109,
Lonzo Ball,PG,22,NOP,8,8,232,6.6,15.8,.415,3.5,9.4,.367,3.1,6.4,.485,1.2,1.9,.600,1.2,5.8,6.9,9.4,2.5,0.2,3.7,2.7,17.7,,107,113,
Mo Bamba,C,21,ORL,9,0,120,7.0,19.7,.354,2.0,7.4,.278,4.9,12.3,.400,0.4,1.6,.250,4.5,11.1,15.6,1.2,1.2,3.7,2.9,8.2,16.4,,82,97,
J.J. Barea,PG,35,DAL,1,0,16,8.9,17.9,.500,8.9,11.9,.750,0.0,6.0,.000,6.0,6.0,1.000,3.0,0.0,3.0,8.9,0.0,0.0,6.0,0.0,32.8,,134,119,
Harrison Barnes,SF,27,SAC,10,10,336,8.1,16.5,.491,2.2,5.8,.375,5.9,10.7,.554,4.2,5.6,.744,2.2,5.2,7.4,2.5,1.9,0.3,1.4,2.0,22.5,,122,113,
RJ Barrett,SG,19,NYK,11,11,385,8.3,20.2,.410,1.8,4.9,.359,6.5,15.3,.426,3.8,8.4,.448,1.9,6.2,8.0,5.6,1.9,0.4,3.6,3.8,22.1,,94,112,
Will Barton,SG,29,DEN,8,8,260,8.1,18.5,.439,3.2,6.1,.531,4.9,12.5,.394,4.2,5.5,.759,3.0,8.9,11.9,3.8,2.1,1.1,2.3,2.6,23.6,,113,101,
Nicolas Batum,SF,31,CHO,1,0,11,0.0,0.0,,0.0,0.0,,0.0,0.0,,0.0,0.0,,4.3,12.9,17.2,8.6,0.0,0.0,8.6,8.6,0.0,,65,111,
Aron Baynes,C,33,PHO,10,9,243,11.2,19.0,.590,4.2,8.4,.500,7.0,10.7,.661,4.2,5.7,.733,3.2,7.8,11.0,5.9,0.6,1.7,1.9,7.8,30.8,,138,105,
Kent Bazemore,SF,30,POR,12,2,292,5.4,15.2,.358,2.6,7.5,.340,2.9,7.7,.375,2.2,3.4,.667,0.6,8.5,9.1,2.9,1.9,1.9,3.2,7.2,15.7,,89,106,
Darius Bazley,PF,19,OKC,11,0,202,4.7,11.3,.417,2.6,6.3,.407,2.1,4.9,.429,1.4,2.4,.600,0.9,9.9,10.8,1.9,0.7,0.7,2.8,2.4,13.4,,93,106,
Bradley Beal,SG,26,WAS,9,9,325,12.6,29.1,.434,3.7,11.5,.321,8.9,17.6,.508,7.0,8.8,.790,1.6,4.5,6.1,8.2,1.4,0.3,4.5,3.1,35.9,,109,117,
Malik Beasley,SG,23,DEN,9,0,146,7.1,19.2,.368,4.0,9.8,.414,3.0,9.4,.321,1.0,1.0,1.000,1.0,3.4,4.4,2.4,2.0,0.3,3.7,4.0,19.2,,87,106,
Marco Belinelli,SG,33,SAS,11,0,188,4.5,17.2,.261,2.2,9.2,.243,2.2,8.0,.281,1.7,2.5,.700,0.0,3.5,3.5,4.0,0.7,0.0,1.2,2.5,12.9,,81,115,
Jordan Bell,PF,25,MIN,4,0,43,9.5,13.7,.692,0.0,1.1,.000,9.5,12.7,.750,5.3,5.3,1.000,5.3,14.8,20.1,5.3,0.0,1.1,9.5,4.2,24.3,,104,107,
DeAndre' Bembry,SG,25,ATL,10,0,264,6.5,12.1,.537,0.2,1.6,.111,6.3,10.5,.603,1.6,4.0,.409,2.2,5.6,7.8,5.6,2.5,0.4,3.1,4.0,14.8,,103,108,
Dāvis Bertāns,PF,27,WAS,9,0,247,6.5,15.1,.432,5.2,12.0,.438,1.3,3.2,.412,1.5,1.7,.889,0.4,5.8,6.2,2.2,0.7,0.7,1.1,4.1,19.8,,122,117,
Patrick Beverley,PG,31,LAC,11,11,328,4.3,12.2,.353,1.0,6.6,.152,3.3,5.6,.590,1.4,2.4,.588,1.7,8.3,10.0,4.6,2.3,0.7,2.6,5.7,11.0,,90,102,
Khem Birch,C,27,ORL,4,0,45,1.1,5.5,.200,0.0,1.1,.000,1.1,4.4,.250,2.2,8.7,.250,3.3,6.6,9.8,1.1,1.1,0.0,0.0,3.3,4.4,,74,105,
Goga Bitadze,C,20,IND,6,2,109,6.2,12.9,.483,1.3,3.6,.375,4.9,9.3,.524,4.0,5.3,.750,4.9,8.4,13.3,4.0,0.0,5.8,3.6,8.9,17.8,,112,100,
Bismack Biyombo,C,27,CHO,9,1,113,8.8,13.4,.656,0.0,0.0,,8.8,13.4,.656,5.0,10.5,.480,3.8,5.0,8.8,2.9,1.7,1.7,3.4,6.7,22.7,,113,110,
Nemanja Bjelica,PF,31,SAC,10,9,247,7.9,14.5,.541,3.9,7.9,.500,3.9,6.7,.588,0.4,0.4,1.000,2.9,7.5,10.4,4.7,1.8,0.6,2.0,4.5,20.0,,132,111,
Eric Bledsoe,PG,30,MIL,10,10,266,10.5,22.7,.463,2.5,8.5,.300,8.0,14.2,.560,4.1,5.2,.774,1.5,8.1,9.6,8.5,1.0,0.5,3.2,4.9,27.6,,113,105,
Bogdan Bogdanović,SG,27,SAC,10,0,256,8.2,21.2,.384,5.1,12.9,.397,3.0,8.3,.364,3.8,5.1,.741,0.2,4.7,4.9,7.6,2.5,0.2,3.0,4.2,25.2,,110,112,
Bojan Bogdanović,SF,30,UTA,10,10,320,10.4,22.6,.460,4.2,9.6,.438,6.2,13.0,.477,4.8,5.3,.914,0.3,6.0,6.3,2.9,1.4,0.6,4.1,3.5,29.8,,105,101,
Jonah Bolden,PF,24,PHI,2,0,5,9.3,9.3,1.000,0.0,0.0,,9.3,9.3,1.000,0.0,18.7,.000,0.0,0.0,0.0,0.0,9.3,0.0,9.3,0.0,18.7,,47,92,
Jordan Bone,PG,22,DET,2,0,4,0.0,36.0,.000,0.0,12.0,.000,0.0,24.0,.000,0.0,0.0,,0.0,0.0,0.0,0.0,0.0,0.0,24.0,24.0,0.0,,0,119,
Isaac Bonga,SF,20,WAS,7,7,149,4.0,9.0,.448,0.3,1.5,.200,3.7,7.4,.500,1.9,2.8,.667,2.2,6.2,8.4,3.7,2.2,0.3,1.9,6.5,10.2,,106,114,
Devin Booker,SG,23,PHO,10,10,348,12.4,22.8,.541,3.3,6.5,.510,9.0,16.3,.553,5.6,6.0,.933,0.4,4.0,4.4,7.7,0.5,0.5,4.9,5.0,33.6,,116,109,
Chris Boucher,PF,27,TOR,9,0,97,6.7,16.4,.412,1.9,6.3,.308,4.8,10.1,.476,3.4,4.8,.700,5.3,8.2,13.5,1.9,1.9,5.3,1.0,6.3,18.8,,113,97,
Brian Bowen,SG,21,IND,1,0,3,16.2,32.3,.500,0.0,0.0,,16.2,32.3,.500,0.0,0.0,,0.0,0.0,0.0,0.0,0.0,0.0,0.0,0.0,32.3,,97,113,
Ky Bowman,PG,22,GSW,12,3,220,6.6,14.5,.456,1.7,4.3,.400,4.9,10.3,.479,1.7,1.9,.889,0.2,4.5,4.7,5.3,1.9,0.2,3.0,3.8,16.7,,101,118,
Avery Bradley,SG,29,LAL,10,10,274,7.1,14.6,.488,1.4,4.9,.286,5.7,9.7,.589,1.0,1.4,.750,1.2,4.3,5.5,3.1,1.7,0.2,1.9,4.5,16.6,,106,102,
Tony Bradley,C,22,UTA,8,0,73,9.9,15.8,.625,0.0,0.0,,9.9,15.8,.625,4.6,7.9,.583,9.2,8.6,17.8,0.7,1.3,1.3,2.0,8.6,24.4,,129,99,
Jarrell Brantley,PF,23,UTA,1,0,5,0.0,0.0,,0.0,0.0,,0.0,0.0,,0.0,0.0,,0.0,28.9,28.9,9.6,0.0,9.6,0.0,0.0,0.0,,229,80,
Ignas Brazdeikis,SF,21,NYK,4,0,14,6.9,24.2,.286,0.0,6.9,.000,6.9,17.3,.400,6.9,6.9,1.000,0.0,0.0,0.0,3.5,0.0,3.5,3.5,3.5,20.7,,79,116,
Mikal Bridges,SF,23,PHO,10,0,198,4.2,9.8,.429,0.7,3.5,.200,3.5,6.3,.556,1.6,2.3,.700,1.2,7.2,8.4,2.3,3.5,0.9,1.4,3.5,10.7,,99,100,
Miles Bridges,SF,21,CHO,11,11,369,7.3,15.4,.475,2.4,6.3,.388,4.9,9.1,.535,1.4,2.2,.647,2.1,5.7,7.7,3.5,0.4,1.2,3.1,3.0,18.5,,104,113,
Ryan Broekhoff,SG,29,DAL,2,0,4,11.9,11.9,1.000,11.9,11.9,1.000,0.0,0.0,,0.0,0.0,,0.0,0.0,0.0,11.9,0.0,0.0,0.0,0.0,35.8,,282,119,
Malcolm Brogdon,PG,27,IND,11,11,363,10.9,23.4,.469,2.1,6.5,.327,8.8,16.8,.524,6.4,6.5,.980,0.9,6.7,7.6,12.6,1.6,0.4,4.5,3.7,30.4,,116,105,
Dillon Brooks,SF,24,MEM,11,11,300,8.2,20.1,.409,2.9,7.6,.380,5.3,12.5,.427,3.5,4.0,.885,2.0,4.4,6.4,3.7,1.8,0.8,2.0,7.2,22.8,,106,113,
Bruce Brown,SG,23,DET,12,8,328,4.8,12.6,.384,0.7,2.5,.294,4.1,10.1,.406,2.3,3.9,.593,1.8,5.6,7.3,5.7,1.6,0.6,3.8,5.9,12.7,,90,113,
Charlie Brown,SG,22,ATL,1,0,4,0.0,0.0,,0.0,0.0,,0.0,0.0,,23.9,23.9,1.000,0.0,11.9,11.9,0.0,0.0,0.0,0.0,0.0,23.9,,250,110,
Jaylen Brown,SG,23,BOS,7,7,223,11.2,21.6,.520,1.5,5.5,.269,9.7,16.1,.605,5.9,7.4,.800,1.3,8.9,10.2,3.6,1.1,0.6,1.9,4.9,29.9,,118,106,
Moses Brown,C,20,POR,2,0,5,0.0,9.3,.000,0.0,0.0,,0.0,9.3,.000,0.0,0.0,,0.0,28.0,28.0,0.0,0.0,0.0,0.0,0.0,0.0,,0,100,
Sterling Brown,SG,24,MIL,7,0,85,7.9,15.4,.517,2.6,6.4,.417,5.3,9.0,.588,2.1,3.2,.667,3.2,11.6,14.8,2.1,2.1,0.5,2.6,3.2,20.6,,114,101,
Troy Brown,SG,20,WAS,6,2,133,6.6,14.6,.452,1.7,4.5,.385,4.9,10.1,.483,2.1,2.1,1.000,3.8,5.9,9.7,4.2,2.8,0.3,2.1,2.4,17.0,,116,113,
Jalen Brunson,PG,23,DAL,10,3,209,7.3,17.1,.427,1.6,5.9,.269,5.7,11.2,.510,2.7,4.6,.600,2.1,5.7,7.8,7.8,1.6,0.0,2.5,3.2,19.0,,109,112,
Thomas Bryant,C,22,WAS,9,9,270,8.7,17.3,.505,1.0,4.3,.240,7.7,13.0,.592,4.1,5.1,.800,3.8,10.6,14.4,3.6,1.0,2.4,2.6,3.6,22.6,,116,112,
Trey Burke,PG,27,PHI,2,0,37,7.6,18.9,.400,2.5,3.8,.667,5.0,15.1,.333,3.8,5.0,.750,2.5,5.0,7.6,8.8,2.5,1.3,1.3,0.0,21.4,,119,103,
Alec Burks,SG,28,GSW,9,1,226,8.3,18.1,.460,2.7,6.4,.419,5.6,11.6,.482,6.0,6.9,.879,1.0,6.4,7.5,4.2,0.8,1.0,2.1,4.0,25.4,,119,119,
Deonte Burton,SG,26,OKC,5,0,39,8.5,20.7,.412,6.1,12.2,.500,2.4,8.5,.286,0.0,0.0,,0.0,8.5,8.5,1.2,1.2,0.0,3.7,4.9,23.1,,91,106,
Jimmy Butler,SF,30,MIA,7,7,234,8.2,18.5,.441,1.0,4.2,.238,7.2,14.3,.500,9.7,12.1,.803,2.8,5.6,8.4,9.1,3.8,0.8,2.6,1.6,27.0,,123,99,
Bruno Caboclo,SF,24,MEM,7,0,71,7.7,18.7,.414,1.3,7.1,.182,6.4,11.6,.556,0.0,0.0,,3.9,7.1,10.9,2.6,2.6,5.1,1.9,5.1,16.7,,95,104,
Kentavious Caldwell-Pope,SG,26,LAL,11,1,215,5.3,14.8,.358,1.1,4.9,.227,4.2,9.9,.422,1.1,1.5,.714,0.9,4.0,4.9,3.3,1.5,0.2,1.5,4.0,12.8,,88,103,
Vlatko Čančar,SF,22,DEN,1,0,2,0.0,0.0,,0.0,0.0,,0.0,0.0,,0.0,0.0,,0.0,0.0,0.0,0.0,0.0,0.0,0.0,0.0,0.0,,,113,
Clint Capela,C,25,HOU,11,11,332,9.0,13.9,.650,0.0,0.0,,9.0,13.9,.650,1.8,4.1,.433,4.3,14.2,18.5,1.6,1.4,3.2,1.9,4.1,19.8,,123,102,
DeMarre Carroll,SF,33,SAS,4,0,39,4.8,12.0,.400,2.4,6.0,.400,2.4,6.0,.400,2.4,2.4,1.000,3.6,7.2,10.8,3.6,0.0,1.2,1.2,6.0,14.4,,123,113,
Jevon Carter,PG,24,PHO,9,1,153,4.5,11.8,.385,3.0,7.9,.385,1.5,3.9,.385,1.2,1.2,1.000,0.6,4.8,5.4,5.7,2.7,0.9,3.9,5.4,13.3,,94,103,
Vince Carter,SF,43,ATL,8,0,116,6.6,16.5,.400,1.6,9.9,.167,4.9,6.6,.750,2.1,2.5,.833,0.4,6.6,7.0,1.6,1.6,0.4,1.2,4.5,16.9,,97,109,
Wendell Carter,C,20,CHI,11,11,304,8.8,14.9,.588,0.2,1.4,.111,8.6,13.5,.636,4.6,7.2,.638,5.2,11.2,16.5,1.2,0.5,1.8,2.2,6.8,22.3,,120,105,
Michael Carter-Williams,PG,28,ORL,8,0,134,4.8,15.4,.310,1.1,5.1,.214,3.7,10.3,.357,5.5,7.0,.789,4.0,7.0,11.0,4.8,2.9,1.8,2.9,4.8,16.1,,96,98,
Alex Caruso,SG,25,LAL,10,0,194,4.2,11.3,.370,1.0,3.9,.250,3.2,7.3,.433,1.0,1.5,.667,0.2,4.9,5.1,5.6,2.7,1.2,3.2,2.4,10.3,,85,98,
Willie Cauley-Stein,C,26,GSW,9,8,183,8.5,14.9,.569,0.0,0.0,,8.5,14.9,.569,1.5,2.1,.750,3.1,11.0,14.1,3.1,1.8,2.8,1.8,7.4,18.5,,116,111,
Tyson Chandler,C,37,HOU,10,0,77,5.2,5.8,.900,0.0,0.0,,5.2,5.8,.900,1.7,2.9,.600,4.1,12.8,16.9,1.2,1.7,2.3,0.6,7.6,12.2,,171,103,
Chris Chiozza,PG,24,WAS,2,0,35,2.6,11.9,.222,2.6,5.3,.500,0.0,6.6,.000,0.0,0.0,,0.0,5.3,5.3,9.2,2.6,2.6,4.0,7.9,7.9,,78,111,
Marquese Chriss,PF,22,GSW,11,1,170,6.4,13.8,.460,0.6,1.9,.286,5.8,11.9,.488,4.4,5.0,.889,3.9,10.0,13.8,5.3,1.9,1.9,4.7,6.1,17.7,,102,113,
Brandon Clarke,PF,23,MEM,10,1,220,10.6,17.4,.607,1.2,2.9,.429,9.3,14.5,.643,2.3,2.5,.917,3.3,10.2,13.5,2.3,1.2,2.7,2.5,3.7,24.7,,121,109,
Jordan Clarkson,SG,27,CLE,10,0,230,10.7,24.9,.429,3.1,10.7,.294,7.5,14.2,.529,7.3,8.1,.897,0.8,3.6,4.4,4.6,1.9,0.8,2.5,2.3,31.8,,112,108,
Nicolas Claxton,PF,20,BRK,3,0,36,6.3,11.3,.556,0.0,1.3,.000,6.3,10.1,.625,2.5,6.3,.400,7.5,5.0,12.6,5.0,1.3,0.0,0.0,5.0,15.1,,140,115,
Chris Clemons,PG,22,HOU,5,0,42,6.4,17.1,.375,5.3,16.0,.333,1.1,1.1,1.000,2.1,2.1,1.000,2.1,1.1,3.2,2.1,0.0,1.1,3.2,6.4,20.3,,103,115,
John Collins,PF,22,ATL,5,5,161,9.5,18.1,.525,2.7,5.6,.474,6.8,12.5,.548,3.6,5.0,.706,3.0,10.1,13.0,2.4,1.5,3.0,2.1,5.0,25.2,,120,104,
Zach Collins,PF,22,POR,3,3,86,4.9,10.3,.474,1.6,3.8,.429,3.3,6.5,.500,3.3,3.3,1.000,2.2,4.3,6.5,3.3,0.0,1.1,3.3,6.0,14.7,,112,115,
Mike Conley,PG,32,UTA,11,11,330,7.6,20.6,.369,3.2,9.3,.344,4.4,11.2,.390,5.3,6.7,.783,0.9,3.4,4.2,6.4,1.3,0.3,4.4,3.8,23.7,,97,103,
Pat Connaughton,SG,27,MIL,8,0,131,5.5,14.4,.381,2.7,9.6,.286,2.7,4.8,.571,0.3,0.3,1.000,0.3,8.2,8.6,4.1,0.7,1.0,1.0,3.1,14.1,,103,105,
Quinn Cook,PG,26,LAL,11,0,179,7.4,17.5,.424,2.1,6.4,.333,5.3,11.1,.476,0.5,0.8,.667,0.8,2.9,3.7,6.6,1.1,0.3,2.4,2.1,17.5,,101,104,
Tyler Cook,PF,22,CLE,4,0,10,14.4,19.2,.750,0.0,0.0,,14.4,19.2,.750,0.0,0.0,,9.6,4.8,14.4,0.0,4.8,0.0,0.0,0.0,28.8,,158,102,
Robert Covington,PF,29,MIN,11,11,286,7.0,16.5,.423,3.3,10.2,.328,3.7,6.4,.575,3.3,3.5,.955,1.7,8.1,9.9,1.4,2.5,1.9,3.0,5.1,20.7,,105,104,
Torrey Craig,SF,29,DEN,10,2,161,3.1,10.1,.303,1.2,5.5,.222,1.8,4.6,.400,1.2,1.8,.667,2.4,7.6,10.1,3.7,0.9,2.4,1.5,7.0,8.6,,92,103,
Jae Crowder,SF,29,MEM,11,11,333,4.7,12.5,.374,2.9,9.3,.309,1.8,3.2,.565,2.1,2.9,.714,1.2,6.9,8.1,4.3,1.8,0.7,2.3,3.4,14.3,,102,112,
Jarrett Culver,SG,20,MIN,11,4,242,6.4,17.3,.370,1.9,7.1,.263,4.5,10.1,.444,1.5,3.9,.381,1.5,4.3,5.8,4.5,1.5,0.6,2.8,4.9,16.2,,88,110,
Seth Curry,SG,29,DAL,10,6,198,6.0,14.7,.410,3.4,9.2,.368,2.7,5.5,.478,3.6,4.1,.882,0.7,2.2,2.9,3.1,1.7,0.5,2.2,4.6,19.0,,112,113,
Stephen Curry,PG,31,GSW,4,4,112,11.3,27.7,.409,3.8,15.5,.243,7.6,12.2,.621,7.6,7.6,1.000,1.7,6.7,8.4,10.9,2.1,0.8,6.3,4.2,34.0,,105,116,
Troy Daniels,SG,28,LAL,9,0,137,5.9,17.0,.347,4.2,13.2,.316,1.7,3.8,.455,1.0,1.0,1.000,0.3,4.5,4.9,2.1,1.0,0.3,1.0,1.4,17.0,,99,104,
Anthony Davis,PF,26,LAL,10,10,353,12.5,25.7,.487,1.1,3.6,.296,11.4,22.1,.518,9.3,10.5,.885,3.8,10.2,14.0,4.4,1.7,3.9,3.9,3.6,35.4,,114,94,
Ed Davis,C,30,UTA,6,0,73,2.6,6.6,.400,0.0,0.0,,2.6,6.6,.400,1.3,2.6,.500,5.9,14.5,20.5,0.7,0.7,2.0,3.3,9.2,6.6,,89,96,
Terence Davis,SG,22,TOR,11,0,135,5.5,12.4,.444,3.1,6.9,.450,2.4,5.5,.438,2.1,2.1,1.000,1.4,7.6,9.0,4.1,1.7,0.7,1.7,6.2,16.3,,119,103,
Dewayne Dedmon,C,30,SAC,10,4,162,5.1,15.3,.333,1.5,7.2,.208,3.6,8.1,.444,2.7,2.7,1.000,6.0,8.4,14.4,1.5,0.9,2.1,5.4,7.8,14.4,,84,111,
Matthew Dellavedova,PG,29,CLE,8,0,119,4.0,12.5,.323,0.4,6.9,.059,3.6,5.7,.643,1.6,2.0,.800,1.2,4.4,5.7,6.1,1.6,0.4,2.8,6.1,10.1,,84,109,
DeMar DeRozan,SG,30,SAS,11,11,366,11.1,21.7,.512,0.0,0.5,.000,11.1,21.2,.524,6.0,7.8,.770,0.6,6.3,6.9,6.8,1.3,0.9,4.5,3.3,28.2,,106,111,
Cheick Diallo,C,23,PHO,5,0,12,11.6,11.6,1.000,0.0,0.0,,11.6,11.6,1.000,11.6,15.4,.750,0.0,3.9,3.9,3.9,0.0,0.0,7.7,11.6,34.7,,125,110,
Hamidou Diallo,SG,21,OKC,11,1,242,8.2,16.5,.500,0.4,2.6,.154,7.9,13.9,.563,2.2,3.5,.611,2.7,5.9,8.6,1.8,3.1,0.8,2.7,5.1,19.0,,99,102,
Gorgui Dieng,C,30,MIN,8,2,93,8.3,19.6,.425,1.0,6.4,.154,7.3,13.2,.556,3.9,4.9,.800,4.4,11.2,15.6,4.4,2.9,3.4,2.9,2.9,21.5,,105,99,
Spencer Dinwiddie,SG,26,BRK,10,0,252,9.9,23.3,.423,3.1,9.7,.315,6.8,13.6,.500,7.9,9.9,.800,0.5,3.8,4.3,8.4,1.1,0.5,4.7,6.1,30.7,,110,115,
Donte DiVincenzo,SG,23,MIL,7,0,97,7.0,18.1,.385,4.2,9.3,.450,2.8,8.8,.316,0.9,1.9,.500,2.3,7.0,9.3,3.2,3.7,0.9,3.2,5.6,19.0,,96,99,
Luka Dončić,PG,20,DAL,10,10,348,13.0,26.9,.485,3.8,12.1,.318,9.2,14.8,.620,8.9,10.6,.844,2.2,11.9,14.1,12.5,1.5,0.1,6.2,3.4,38.8,,119,108,
Damyean Dotson,SG,25,NYK,7,0,65,6.7,16.4,.409,3.7,8.9,.417,3.0,7.4,.400,1.5,2.2,.667,1.5,4.5,5.9,2.2,0.7,0.7,2.2,3.7,18.6,,103,115,
Goran Dragić,PG,33,MIA,10,0,287,8.8,18.5,.474,4.4,9.9,.443,4.4,8.6,.509,5.3,7.5,.717,0.3,5.2,5.5,7.9,0.8,0.5,3.9,2.8,27.2,,116,106,
Andre Drummond,C,26,DET,12,12,414,11.4,20.4,.557,0.0,0.9,.000,11.4,19.5,.583,5.0,7.2,.694,6.6,16.7,23.3,4.3,2.4,3.0,5.6,5.9,27.7,,109,102,
Jared Dudley,SF,34,LAL,7,0,58,3.3,4.9,.667,3.3,3.3,1.000,0.0,1.6,.000,0.0,0.0,,0.0,4.1,4.1,4.1,0.8,0.8,0.8,4.9,9.8,,167,103,
Kris Dunn,PG,25,CHI,11,0,224,6.9,14.6,.471,0.6,3.5,.176,6.3,11.1,.566,1.3,1.9,.667,1.3,5.0,6.3,6.3,5.2,0.6,1.9,7.3,15.7,,106,100,
Carsen Edwards,PG,21,BOS,9,0,107,7.5,19.4,.386,4.0,11.0,.360,3.5,8.4,.421,3.1,4.0,.778,1.3,6.2,7.5,4.4,1.3,0.9,1.3,4.4,22.1,,110,107,
Wayne Ellington,SG,32,NYK,8,1,137,4.9,15.9,.311,3.9,14.1,.275,1.1,1.8,.600,0.0,0.4,.000,0.0,5.3,5.3,3.2,0.7,0.4,2.8,3.2,13.8,,82,115,
Joel Embiid,C,25,PHI,7,7,201,11.8,25.5,.464,2.3,6.0,.385,9.5,19.5,.488,11.4,13.7,.831,4.9,15.3,20.2,5.1,1.6,2.8,5.3,6.3,37.4,,113,98,
James Ennis,SF,29,PHI,11,0,168,6.9,13.3,.521,1.1,4.2,.267,5.8,9.2,.636,4.2,5.6,.750,4.2,7.8,11.9,1.9,1.4,0.3,2.5,5.6,19.2,,117,105,
Drew Eubanks,PF,22,SAS,1,0,2,0.0,46.7,.000,0.0,0.0,,0.0,46.7,.000,0.0,0.0,,46.7,23.4,70.1,0.0,0.0,0.0,23.4,23.4,0.0,,44,107,
Jacob Evans,SG,22,GSW,3,0,43,5.5,13.1,.417,4.4,8.7,.500,1.1,4.4,.250,4.4,4.4,1.000,1.1,4.4,5.5,2.2,0.0,0.0,1.1,2.2,19.7,,130,123,
Tacko Fall,C,24,BOS,1,0,4,23.6,47.2,.500,0.0,0.0,,23.6,47.2,.500,0.0,0.0,,0.0,35.4,35.4,0.0,0.0,0.0,11.8,23.6,47.2,,71,90,
Derrick Favors,C,28,NOP,7,5,146,8.0,13.5,.591,0.0,0.3,.000,8.0,13.2,.605,0.3,0.9,.333,6.7,10.4,17.2,4.3,1.5,0.9,3.7,5.2,16.2,,113,111,
Terrance Ferguson,SG,21,OKC,10,10,223,3.2,7.2,.441,1.7,4.5,.381,1.5,2.8,.538,0.6,0.6,1.000,1.3,2.8,4.0,2.1,0.6,0.9,1.3,6.0,8.7,,111,110,
Bruno Fernando,C,21,ATL,10,0,113,8.0,13.5,.594,0.8,3.0,.286,7.2,10.6,.680,2.1,4.6,.455,3.8,7.6,11.4,3.8,1.3,1.7,3.8,5.1,19.0,,108,108,
Yogi Ferrell,PG,26,SAC,6,0,42,8.1,16.2,.500,2.3,5.8,.400,5.8,10.4,.556,5.8,6.9,.833,0.0,6.9,6.9,6.9,1.2,1.2,2.3,4.6,24.3,,127,112,
Dorian Finney-Smith,PF,26,DAL,10,7,261,5.3,11.9,.446,1.8,6.4,.286,3.5,5.5,.633,2.0,3.1,.647,3.8,6.2,10.1,1.3,1.3,0.4,2.4,3.3,14.4,,107,111,
Bryn Forbes,SG,26,SAS,11,11,298,8.5,20.4,.415,4.7,12.7,.370,3.8,7.7,.490,3.0,3.3,.905,0.8,4.4,5.2,2.4,0.6,0.0,1.4,3.4,24.6,,114,115,
Evan Fournier,SG,27,ORL,11,11,313,9.6,20.4,.469,3.3,8.6,.382,6.3,11.8,.533,3.9,4.6,.862,0.2,5.5,5.7,5.3,1.1,0.5,3.3,4.1,26.4,,108,105,
De'Aaron Fox,PG,22,SAC,9,9,288,9.3,21.6,.430,1.7,5.1,.333,7.6,16.5,.459,7.4,10.4,.710,0.8,5.2,6.1,10.6,1.2,0.8,6.2,4.6,27.6,,103,113,
Melvin Frazier,SG,23,ORL,1,0,6,8.2,40.9,.200,0.0,8.2,.000,8.2,32.8,.250,0.0,0.0,,8.2,0.0,8.2,0.0,0.0,0.0,0.0,0.0,16.4,,56,111,
Tim Frazier,PG,29,DET,8,4,116,3.3,15.3,.216,1.2,5.4,.231,2.1,9.9,.208,3.7,5.0,.750,1.2,2.1,3.3,12.0,3.3,0.4,4.1,6.6,11.6,,86,111,
Markelle Fultz,SG,21,ORL,11,6,256,8.3,17.9,.462,0.8,4.6,.167,7.5,13.2,.565,2.9,3.8,.750,1.3,3.3,4.6,6.5,2.7,0.4,3.3,4.6,20.2,,101,103,
Wenyen Gabriel,PF,22,SAC,5,0,34,4.3,17.1,.250,1.4,8.6,.167,2.9,8.6,.333,5.7,10.0,.571,4.3,4.3,8.6,4.3,1.4,1.4,4.3,5.7,15.7,,82,112,
Daniel Gafford,PF,21,CHI,4,0,12,0.0,0.0,,0.0,0.0,,0.0,0.0,,0.0,0.0,,0.0,3.9,3.9,0.0,0.0,0.0,0.0,7.8,0.0,,,113,
Danilo Gallinari,PF,31,OKC,11,11,318,9.0,20.6,.435,4.6,11.1,.419,4.3,9.6,.453,7.3,7.9,.925,0.7,7.3,8.1,2.5,1.3,0.1,1.6,2.7,29.9,,121,106,
Langston Galloway,SG,28,DET,12,0,295,6.7,15.9,.418,3.7,8.8,.426,2.9,7.2,.409,5.5,6.0,.919,0.7,3.6,4.2,3.6,1.1,1.0,1.5,2.9,22.6,,123,115,
Darius Garland,PG,20,CLE,10,10,283,5.6,17.2,.327,1.4,5.4,.250,4.2,11.7,.362,2.0,2.4,.857,0.5,2.5,3.1,6.3,1.9,0.0,3.9,2.0,14.6,,82,110,
Marc Gasol,C,35,TOR,11,11,310,3.8,11.0,.342,2.1,5.1,.412,1.7,5.9,.282,1.5,1.8,.833,1.2,9.8,11.0,4.2,0.5,1.4,3.2,5.4,11.1,,90,103,
Rudy Gay,PF,33,SAS,11,0,248,8.1,17.1,.473,1.9,6.6,.286,6.2,10.6,.589,4.1,4.9,.846,4.0,10.7,14.7,4.7,0.6,1.1,2.8,3.4,22.2,,116,111,
Taj Gibson,C,34,NYK,9,3,142,7.5,13.3,.564,0.0,1.0,.000,7.5,12.3,.611,1.7,2.4,.714,4.4,6.5,10.9,4.1,2.0,0.3,2.7,7.1,16.7,,114,111,
Harry Giles,PF,21,SAC,2,0,14,6.9,17.3,.400,0.0,0.0,,6.9,17.3,.400,6.9,6.9,1.000,0.0,10.4,10.4,0.0,0.0,3.5,3.5,13.9,20.8,,91,109,
Shai Gilgeous-Alexander,SG,21,OKC,11,11,381,10.3,22.4,.461,2.4,5.9,.404,8.0,16.6,.481,4.5,6.0,.750,1.5,6.5,8.0,4.2,1.0,0.9,2.7,1.9,27.6,,107,107,
Rudy Gobert,C,27,UTA,11,11,380,6.3,9.4,.676,0.0,0.0,,6.3,9.4,.676,5.2,8.6,.603,3.3,15.2,18.5,1.5,1.6,1.8,3.2,4.9,17.9,,118,94,
Aaron Gordon,PF,24,ORL,11,11,342,8.2,18.0,.456,1.9,5.9,.317,6.3,12.1,.524,3.9,5.3,.730,2.7,7.0,9.8,4.9,1.3,0.9,2.4,4.3,22.1,,110,103,
Eric Gordon,SG,31,HOU,9,2,265,5.8,18.6,.309,3.6,12.5,.284,2.2,6.1,.361,1.5,2.4,.643,0.5,2.4,2.9,1.2,0.8,0.3,2.0,3.6,16.6,,82,114,
Devonte' Graham,PG,24,CHO,11,1,347,8.1,20.0,.404,4.8,11.3,.422,3.3,8.6,.381,6.2,7.8,.789,1.1,4.0,5.1,10.9,1.2,0.3,4.2,2.7,27.1,,115,114,
Treveon Graham,SG,26,MIN,11,10,286,4.6,12.7,.363,1.0,4.9,.194,3.7,7.8,.469,1.9,2.2,.857,2.1,4.3,6.4,3.0,1.7,0.2,1.1,3.8,12.1,,101,110,
Jerami Grant,PF,25,DEN,10,0,219,7.4,17.3,.429,1.8,7.2,.250,5.6,10.1,.556,2.7,4.0,.667,1.3,4.5,5.8,2.5,0.9,1.1,2.2,4.7,19.3,,98,106,
Danny Green,SG,32,LAL,11,11,284,5.9,13.0,.449,3.8,8.7,.442,2.0,4.3,.462,0.8,1.3,.625,0.8,4.0,4.9,2.3,2.3,0.7,2.0,5.4,16.4,,108,100,
Draymond Green,PF,29,GSW,7,7,195,5.8,14.2,.407,1.4,5.1,.286,4.3,9.2,.474,1.7,2.4,.700,1.0,10.4,11.3,8.4,1.9,0.2,2.7,3.9,14.7,,102,115,
JaMychal Green,PF,29,LAC,11,0,250,6.4,15.0,.425,4.3,10.0,.434,2.1,5.1,.407,2.6,3.2,.824,3.2,11.3,14.5,0.6,0.8,0.8,2.1,5.6,19.7,,115,104,
Javonte Green,SG,26,BOS,8,0,55,11.2,20.6,.542,0.9,5.2,.167,10.3,15.5,.667,1.7,4.3,.400,0.9,5.2,6.0,1.7,1.7,0.0,0.0,6.9,24.9,,113,108,
Jeff Green,PF,33,UTA,11,1,209,5.5,15.5,.358,3.7,9.5,.390,1.8,6.0,.308,2.5,3.7,.688,0.7,5.3,6.0,1.2,1.4,1.2,2.8,4.4,17.3,,90,101,
Blake Griffin,PF,30,DET,1,1,24,12.0,24.0,.500,2.0,6.0,.333,10.0,18.0,.556,12.0,16.0,.750,0.0,14.0,14.0,12.0,0.0,0.0,8.0,2.0,38.0,,110,113,
Marko Guduric,SG,24,MEM,11,0,200,6.4,13.9,.459,2.3,6.2,.370,4.1,7.8,.529,1.6,1.6,1.000,1.6,5.0,6.6,4.8,0.9,0.7,3.0,2.1,16.7,,106,115,
Rui Hachimura,SF,21,WAS,9,9,252,10.6,20.5,.518,0.7,3.1,.235,9.9,17.4,.568,1.8,2.2,.833,3.8,5.9,9.7,2.6,1.1,0.2,1.6,3.5,23.8,,115,117,
Devon Hall,SG,24,OKC,1,0,7,6.8,6.8,1.000,0.0,0.0,,6.8,6.8,1.000,0.0,0.0,,0.0,0.0,0.0,0.0,0.0,0.0,6.8,6.8,13.6,,76,114,
Tim Hardaway,SG,27,DAL,10,0,230,8.1,21.8,.371,4.4,13.3,.328,3.7,8.5,.439,3.5,4.6,.773,0.6,4.2,4.8,2.9,0.2,0.2,0.8,4.6,24.1,,108,115,
James Harden,SG,30,HOU,11,11,401,12.4,30.1,.413,5.5,17.2,.318,6.9,12.9,.539,16.7,18.8,.887,1.2,5.5,6.7,10.1,1.9,0.8,7.2,3.5,46.9,,116,109,
Maurice Harkless,PF,26,LAC,11,1,237,5.5,10.7,.519,0.8,2.8,.286,4.8,7.9,.600,1.2,2.0,.600,1.6,4.8,6.3,2.2,2.2,1.2,2.0,7.9,13.1,,107,104,
Jared Harper,PG,22,PHO,1,0,2,0.0,23.1,.000,0.0,23.1,.000,0.0,0.0,,0.0,0.0,,0.0,0.0,0.0,0.0,0.0,0.0,0.0,0.0,0.0,,0,113,
Montrezl Harrell,C,26,LAC,11,1,332,11.6,19.1,.607,0.0,0.4,.000,11.6,18.7,.621,5.4,8.5,.633,4.0,7.4,11.3,3.4,1.3,1.8,3.1,4.1,28.6,,120,103,
Gary Harris,SG,25,DEN,10,10,322,6.4,16.3,.393,2.3,6.7,.341,4.1,9.6,.429,1.7,2.3,.733,0.9,4.3,5.2,2.6,2.1,0.3,1.7,3.8,16.8,,97,105,
Joe Harris,SG,28,BRK,10,10,323,7.0,14.0,.500,3.9,8.0,.491,3.1,6.0,.512,0.8,1.3,.667,1.5,4.1,5.6,2.1,1.0,0.3,2.5,3.9,18.8,,115,116,
Tobias Harris,SF,27,PHI,11,11,380,8.8,19.1,.462,1.2,6.0,.204,7.6,13.1,.579,3.3,4.3,.771,1.4,9.9,11.3,4.8,1.7,0.9,3.1,4.5,22.2,,103,103,
Shaquille Harrison,PG,26,CHI,6,0,23,6.1,22.4,.273,0.0,2.0,.000,6.1,20.3,.300,8.1,12.2,.667,0.0,14.2,14.2,4.1,0.0,2.0,0.0,8.1,20.3,,87,104,
Josh Hart,SF,24,NOP,10,4,277,6.9,15.0,.462,3.6,9.2,.386,3.4,5.8,.583,2.9,3.6,.818,2.1,8.6,10.7,2.3,2.3,0.6,2.3,4.7,20.4,,116,111,
Udonis Haslem,PF,39,MIA,1,0,5,9.3,9.3,1.000,0.0,0.0,,9.3,9.3,1.000,0.0,0.0,,0.0,18.6,18.6,0.0,0.0,0.0,0.0,18.6,18.6,,200,99,
Jaxson Hayes,C,19,NOP,7,0,98,8.7,12.8,.679,0.0,0.9,.000,8.7,11.9,.731,3.7,6.8,.533,4.1,5.9,10.0,2.3,1.8,1.8,1.8,9.6,21.0,,128,112,
Gordon Hayward,SF,29,BOS,8,8,249,11.6,20.9,.555,2.5,5.7,.433,9.1,15.2,.600,3.0,3.6,.842,1.1,9.7,10.8,6.3,1.1,0.4,2.8,2.8,28.6,,121,106,
John Henson,PF,29,CLE,1,0,8,6.0,12.0,.500,0.0,6.0,.000,6.0,6.0,1.000,6.0,36.0,.167,12.0,6.0,18.0,0.0,12.0,12.0,6.0,0.0,18.0,,70,70,
Juan Hernangómez,PF,24,DEN,3,0,19,2.6,12.9,.200,2.6,10.4,.250,0.0,2.6,.000,0.0,0.0,,0.0,2.6,2.6,0.0,0.0,2.6,0.0,0.0,7.8,,65,108,
Willy Hernangómez,C,25,CHO,3,0,28,8.5,16.9,.500,1.7,3.4,.500,6.8,13.6,.500,0.0,0.0,,6.8,3.4,10.2,1.7,1.7,3.4,3.4,1.7,18.6,,104,109,
Tyler Herro,SG,20,MIA,9,3,263,7.3,17.3,.418,2.8,7.6,.372,4.4,9.7,.455,3.5,4.2,.833,0.4,7.3,7.6,3.5,1.4,0.0,2.8,2.1,20.9,,102,104,
Mario Hezonja,SF,24,POR,12,4,267,3.8,12.1,.319,1.4,4.4,.320,2.4,7.7,.318,2.4,3.0,.824,1.9,10.3,12.2,2.3,1.9,0.3,2.3,5.4,11.5,,90,107,
Buddy Hield,SG,27,SAC,10,10,309,10.7,25.9,.412,5.3,14.1,.378,5.3,11.8,.453,2.0,2.4,.867,1.3,5.5,6.8,2.4,0.9,0.8,4.4,3.9,28.7,,97,114,
George Hill,PG,33,MIL,10,0,229,7.3,13.0,.561,2.9,5.1,.577,4.3,7.9,.550,2.4,3.3,.706,2.6,3.5,6.1,5.7,1.8,0.2,1.0,3.5,19.8,,143,107,
Solomon Hill,SF,28,MEM,9,0,156,5.9,12.9,.455,3.5,7.6,.462,2.3,5.3,.444,2.0,3.5,.583,1.2,6.4,7.6,4.4,2.0,0.3,2.6,4.4,17.3,,109,112,
Jaylen Hoard,SF,20,POR,1,0,0,,,,,,,,,,,,,,,,,,,,,,,,,
Aaron Holiday,PG,23,IND,9,4,187,6.5,16.8,.385,3.4,7.5,.448,3.1,9.3,.333,1.8,2.1,.875,0.8,4.7,5.4,6.2,2.1,0.3,2.3,3.9,18.1,,105,105,
Jrue Holiday,SG,29,NOP,8,8,280,7.0,19.3,.364,1.6,6.9,.233,5.4,12.5,.436,3.0,4.0,.760,1.0,5.9,6.9,9.3,2.4,1.0,3.7,3.2,18.7,,97,112,
Justin Holiday,SG,30,IND,11,0,259,4.1,12.0,.344,2.4,7.9,.310,1.7,4.1,.409,1.7,2.2,.750,0.9,7.1,8.0,2.6,1.3,1.7,1.3,4.1,12.4,,99,104,
Rondae Hollis-Jefferson,SF,25,TOR,4,0,74,8.8,15.8,.560,0.0,0.0,,8.8,15.8,.560,5.0,6.3,.800,6.9,7.6,14.5,2.5,2.5,1.3,3.8,6.3,22.7,,117,100,
Richaun Holmes,C,26,SAC,10,6,257,8.5,13.0,.652,0.0,0.0,,8.5,13.0,.652,2.1,3.0,.688,4.7,9.1,13.8,1.7,1.3,2.6,1.9,7.2,19.1,,129,109,
Rodney Hood,SF,27,POR,10,10,296,6.8,13.6,.500,3.2,6.5,.488,3.6,7.1,.511,2.2,2.7,.824,1.1,4.7,5.8,0.9,1.3,0.6,1.7,3.8,18.9,,120,112,
Al Horford,PF,33,PHI,10,10,316,9.3,21.3,.438,2.4,7.4,.320,6.9,13.9,.500,2.2,3.5,.625,3.1,8.0,11.1,5.6,1.5,1.5,1.9,4.6,23.2,,109,103,
Danuel House,SF,26,HOU,10,9,292,5.8,12.3,.475,3.8,8.4,.455,2.0,3.8,.520,2.6,3.2,.810,1.1,6.4,7.5,1.1,1.8,1.5,1.5,3.1,18.1,,122,108,
Dwight Howard,C,34,LAL,11,0,224,7.8,10.4,.755,0.0,0.0,,7.8,10.4,.755,2.3,4.5,.524,5.1,12.7,17.8,2.8,1.1,3.6,2.8,9.8,18.0,,129,94,
Kevin Huerter,SG,21,ATL,10,3,225,6.8,15.9,.427,3.6,9.3,.386,3.2,6.6,.484,2.5,3.2,.800,1.3,6.2,7.4,5.9,1.3,0.6,3.6,4.5,19.7,,106,110,
De'Andre Hunter,SF,22,ATL,10,10,298,5.3,14.1,.375,1.9,6.1,.316,3.4,8.0,.420,2.2,3.0,.737,0.8,6.4,7.2,2.4,0.6,0.5,2.2,3.5,14.7,,93,112,
Chandler Hutchison,SF,23,CHI,4,2,78,7.2,13.2,.545,1.8,3.0,.600,5.4,10.2,.529,4.2,8.4,.500,0.6,7.8,8.4,1.2,1.2,1.2,3.0,6.6,20.4,,102,107,
Serge Ibaka,C,30,TOR,8,0,183,11.2,21.4,.524,1.3,4.1,.313,9.9,17.3,.574,4.8,5.9,.826,1.8,11.5,13.3,1.5,1.3,2.6,4.3,4.8,28.6,,101,99,
Ersan İlyasova,PF,32,MIL,10,0,168,5.6,13.9,.404,2.1,8.0,.267,3.5,5.9,.591,2.7,3.2,.833,2.9,11.2,14.2,1.3,1.3,1.3,1.3,6.2,16.1,,109,102,
Joe Ingles,SF,32,UTA,11,1,310,3.9,11.5,.338,2.2,7.8,.280,1.7,3.7,.458,1.9,2.2,.857,0.3,6.5,6.8,6.1,1.2,0.3,2.3,4.4,11.8,,98,102,
Brandon Ingram,PF,22,NOP,9,9,289,13.5,25.1,.537,3.6,7.6,.469,9.9,17.5,.566,5.6,7.7,.720,1.5,8.7,10.2,5.4,1.1,1.2,4.3,4.2,36.1,,116,113,
Kyrie Irving,PG,27,BRK,10,10,337,14.0,31.1,.448,4.0,11.5,.349,9.9,19.6,.507,7.9,8.5,.937,1.2,5.9,7.1,9.4,1.5,0.8,3.5,3.8,39.9,,120,113,
Jonathan Isaac,SF,22,ORL,11,11,337,7.1,14.4,.495,2.0,5.7,.359,5.1,8.7,.583,3.1,3.4,.913,1.9,8.6,10.5,2.6,2.0,4.5,2.6,3.5,19.4,,111,96,
Wesley Iwundu,SF,25,ORL,3,0,28,1.8,19.3,.091,0.0,8.8,.000,1.8,10.5,.167,3.5,7.0,.500,1.8,12.3,14.0,1.8,0.0,0.0,3.5,1.8,7.0,,38,105,
Frank Jackson,PG,21,NOP,10,0,181,8.9,21.5,.414,3.0,9.4,.316,5.9,12.1,.490,4.0,4.9,.800,0.7,2.0,2.7,3.7,2.0,0.2,3.7,4.9,24.7,,98,116,
Jaren Jackson,C,20,MEM,10,10,267,9.2,19.2,.482,2.6,6.8,.375,6.7,12.3,.542,3.4,4.3,.800,2.4,6.5,8.9,2.6,0.9,1.9,3.9,6.5,24.5,,103,113,
Justin Jackson,SF,24,DAL,10,0,134,8.2,16.4,.500,3.6,7.8,.455,4.6,8.5,.542,2.8,3.6,.800,2.1,6.8,8.9,1.1,0.4,0.0,1.4,3.2,22.8,,123,114,
Reggie Jackson,PG,29,DET,2,2,36,5.3,14.7,.364,1.3,6.7,.200,4.0,8.0,.500,1.3,1.3,1.000,1.3,5.3,6.7,10.7,0.0,0.0,1.3,2.7,13.3,,113,118,
Justin James,SG,23,SAC,3,0,12,12.1,28.3,.429,0.0,8.1,.000,12.1,20.2,.600,4.0,16.2,.250,0.0,8.1,8.1,4.0,4.0,4.0,0.0,0.0,28.3,,88,101,
LeBron James,SF,35,LAL,11,11,380,12.4,26.0,.476,2.1,7.0,.304,10.3,19.0,.539,6.0,8.8,.686,1.4,9.6,11.0,15.3,1.5,0.9,4.6,2.0,32.9,,114,99,
Amile Jefferson,PF,26,ORL,2,0,9,16.4,16.4,1.000,0.0,0.0,,16.4,16.4,1.000,0.0,0.0,,10.9,5.5,16.4,10.9,0.0,0.0,5.5,0.0,32.8,,156,108,
Alize Johnson,PF,23,IND,3,0,24,4.0,8.1,.500,0.0,0.0,,4.0,8.1,.500,2.0,2.0,1.000,6.1,6.1,12.1,2.0,0.0,0.0,0.0,6.1,10.1,,145,109,
Cameron Johnson,SF,23,PHO,8,0,129,7.5,16.5,.457,4.3,10.7,.400,3.2,5.7,.563,1.8,2.1,.833,1.8,6.1,7.9,1.8,1.1,0.7,1.8,5.4,21.1,,111,106,
James Johnson,PF,32,MIA,4,0,57,6.5,13.9,.471,1.6,6.5,.250,4.9,7.3,.667,1.6,3.3,.500,1.6,6.5,8.2,3.3,2.4,1.6,2.4,3.3,16.3,,101,100,
Stanley Johnson,SF,23,TOR,5,0,19,7.4,22.1,.333,2.5,9.8,.250,4.9,12.3,.400,0.0,0.0,,4.9,12.3,17.2,0.0,2.5,0.0,9.8,14.7,17.2,,60,98,
Tyler Johnson,PG,27,PHO,10,0,185,7.2,16.7,.433,3.2,8.2,.394,4.0,8.5,.471,2.0,2.5,.800,0.2,3.0,3.2,4.2,0.5,0.2,2.2,3.7,19.7,,103,110,
Nikola Jokić,C,24,DEN,10,10,312,10.4,23.8,.437,1.7,7.7,.224,8.7,16.1,.539,4.3,5.7,.750,2.8,11.3,14.2,9.6,2.2,1.1,3.9,5.4,26.8,,106,99,
Damian Jones,C,24,ATL,9,1,132,7.2,10.5,.690,0.4,0.7,.500,6.9,9.8,.704,1.1,2.2,.500,3.3,5.4,8.7,1.8,1.4,1.8,1.1,8.0,15.9,,135,109,
Derrick Jones,SF,22,MIA,4,0,57,9.8,16.3,.600,0.8,3.3,.250,9.0,13.1,.688,2.4,2.4,1.000,2.4,4.1,6.5,1.6,2.4,0.0,1.6,9.0,22.9,,123,103,
Tyus Jones,PG,23,MEM,11,1,239,6.3,15.5,.407,0.8,4.4,.174,5.5,11.1,.500,2.5,3.6,.684,0.0,2.7,2.7,10.5,2.3,0.0,3.4,2.9,15.9,,98,114,
DeAndre Jordan,C,31,BRK,9,3,202,7.2,11.0,.653,0.0,0.0,,7.2,11.0,.653,2.2,4.3,.526,4.9,16.1,21.0,4.0,1.1,2.5,2.7,4.9,16.6,,125,106,
Cory Joseph,PG,28,SAC,10,1,193,6.0,14.8,.407,1.0,3.5,.286,5.0,11.3,.444,2.3,2.3,1.000,2.0,3.8,5.8,5.8,1.0,1.5,3.5,5.0,15.3,,98,113,
Mfiondu Kabengele,C,22,LAC,3,0,7,6.7,13.4,.500,6.7,13.4,.500,0.0,0.0,,0.0,0.0,,0.0,6.7,6.7,0.0,0.0,6.7,0.0,6.7,20.1,,147,100,
Frank Kaminsky,C,26,PHO,10,0,242,6.1,15.9,.386,1.3,6.7,.200,4.8,9.2,.521,5.2,7.3,.711,1.3,10.1,11.5,4.6,0.6,0.8,2.9,4.2,18.7,,98,106,
Enes Kanter,C,27,BOS,3,2,56,8.4,11.8,.714,0.0,0.8,.000,8.4,11.0,.769,5.9,11.0,.538,6.7,8.4,15.2,3.4,0.8,0.0,0.8,4.2,22.8,,147,108,
Luke Kennard,SG,23,DET,12,9,404,8.8,19.4,.454,4.3,10.3,.414,4.5,9.0,.500,5.1,5.8,.878,0.5,4.9,5.3,5.9,0.6,0.0,2.3,3.1,27.0,,122,117,
Stanton Kidd,SF,27,UTA,4,0,15,0.0,9.6,.000,0.0,3.2,.000,0.0,6.4,.000,0.0,0.0,,0.0,9.6,9.6,3.2,0.0,0.0,6.4,9.6,0.0,,12,103,
Michael Kidd-Gilchrist,SF,26,CHO,1,0,10,9.5,33.2,.286,4.7,4.7,1.000,4.7,28.5,.167,0.0,0.0,,4.7,14.2,19.0,0.0,0.0,0.0,4.7,4.7,23.7,,70,111,
Maxi Kleber,PF,28,DAL,9,4,248,6.0,13.1,.456,3.3,8.1,.405,2.7,5.0,.538,2.5,2.9,.867,2.9,8.5,11.4,2.1,0.4,1.9,1.3,4.2,17.7,,125,110,
Brandon Knight,PG,28,CLE,3,0,38,6.3,19.0,.333,6.3,16.4,.385,0.0,2.5,.000,1.3,2.5,.500,0.0,3.8,3.8,8.9,1.3,0.0,3.8,7.6,20.2,,100,110,
Kevin Knox,SF,20,NYK,11,0,260,6.7,16.0,.419,3.7,8.4,.444,3.0,7.6,.390,3.9,5.9,.656,1.5,5.4,6.9,3.2,1.5,0.6,1.7,4.3,21.0,,114,113,
John Konchar,SG,23,MEM,1,0,7,0.0,0.0,,0.0,0.0,,0.0,0.0,,0.0,0.0,,0.0,0.0,0.0,0.0,0.0,0.0,0.0,0.0,0.0,,,121,
Furkan Korkmaz,SG,22,PHI,11,3,251,7.1,15.4,.458,4.1,10.0,.407,3.0,5.4,.552,1.7,2.2,.750,0.4,4.3,4.6,1.7,0.4,0.7,1.7,3.3,19.9,,112,108,
Luke Kornet,C,24,CHI,10,0,116,6.0,17.3,.349,2.0,9.3,.217,4.0,8.1,.500,2.0,2.0,1.000,2.0,5.6,7.7,2.4,0.4,2.8,1.2,4.0,16.1,,95,108,
Kyle Korver,SG,38,MIL,8,0,127,7.1,15.6,.455,6.0,12.4,.486,1.1,3.2,.333,1.1,1.8,.600,1.4,3.5,5.0,0.4,0.7,0.4,2.5,3.2,21.3,,110,109,
Rodions Kurucs,SF,21,BRK,8,0,92,3.4,8.8,.389,1.5,2.0,.750,2.0,6.9,.286,1.0,2.9,.333,2.5,7.4,9.8,0.5,2.0,0.0,5.4,7.4,9.3,,68,112,
Kyle Kuzma,PF,24,LAL,7,1,161,10.9,23.9,.457,3.5,12.4,.286,7.4,11.5,.641,3.0,3.8,.769,1.2,7.4,8.6,1.2,0.3,0.3,3.8,4.4,28.3,,97,103,
Skal Labissière,PF,23,POR,12,0,178,6.3,12.3,.511,0.0,0.3,.000,6.3,12.1,.522,2.6,4.2,.625,6.3,7.6,13.9,3.1,0.5,2.9,3.9,8.1,15.2,,106,109,
Jeremy Lamb,SG,27,IND,5,5,165,9.1,20.0,.456,1.8,6.2,.286,7.3,13.8,.532,5.0,5.9,.850,1.5,7.9,9.4,3.2,2.1,1.2,1.8,4.1,25.0,,112,102,
Romeo Langford,SG,20,BOS,1,0,0,,,,,,,,,,,,,,,,,,,,,,,,,
Zach LaVine,SG,24,CHI,11,11,352,10.8,25.0,.431,3.5,9.6,.361,7.3,15.4,.474,4.3,5.6,.762,1.7,4.4,6.1,6.1,1.9,0.8,4.9,3.9,29.2,,99,108,
Jake Layman,PF,25,MIN,11,0,291,7.3,16.4,.448,2.5,7.0,.356,4.8,9.4,.517,0.9,1.4,.667,1.6,3.3,4.8,1.3,1.7,1.3,2.0,4.1,18.1,,101,109,
T.J. Leaf,PF,22,IND,9,1,112,6.5,16.9,.385,0.9,2.6,.333,5.6,14.3,.394,1.3,1.7,.750,5.6,9.5,15.1,1.7,1.7,1.3,2.2,5.6,15.1,,96,102,
Courtney Lee,SG,34,DAL,3,3,26,7.3,16.5,.444,0.0,5.5,.000,7.3,11.0,.667,0.0,0.0,,0.0,1.8,1.8,0.0,0.0,0.0,0.0,3.7,14.7,,91,117,
Damion Lee,SG,27,GSW,11,0,241,6.8,17.7,.385,2.3,6.8,.343,4.5,10.9,.411,5.5,6.4,.848,1.8,6.6,8.4,3.9,1.6,0.0,2.5,3.5,21.4,,105,118,
Alex Len,C,26,ATL,10,9,178,5.4,13.4,.400,0.8,5.1,.158,4.6,8.3,.548,2.7,4.6,.588,3.2,9.4,12.6,2.4,0.8,4.0,2.7,5.9,14.2,,94,105,
Kawhi Leonard,SF,28,LAC,9,9,292,13.7,31.0,.440,2.3,7.9,.286,11.4,23.2,.493,9.2,10.8,.851,1.9,10.9,12.9,8.7,3.1,1.4,5.9,3.5,38.8,,106,98,
Meyers Leonard,C,27,MIA,10,10,196,6.9,11.2,.617,2.6,4.0,.647,4.3,7.1,.600,0.9,1.7,.571,0.9,8.5,9.5,1.9,1.2,1.4,2.6,6.6,17.3,,116,101,
Caris LeVert,SG,25,BRK,9,9,284,9.4,22.3,.421,2.1,5.7,.361,7.3,16.6,.442,3.2,4.9,.645,1.6,5.6,7.2,5.7,1.0,0.2,4.9,3.2,24.0,,95,115,
Damian Lillard,PG,29,POR,12,12,461,12.0,24.8,.482,4.5,11.5,.386,7.5,13.3,.565,8.7,9.5,.915,0.5,5.3,5.8,8.4,1.5,0.8,3.4,2.5,37.1,,127,111,
Nassir Little,SF,19,POR,5,1,56,5.0,15.8,.316,0.8,5.0,.167,4.2,10.8,.385,1.7,1.7,1.000,2.5,5.8,8.3,0.0,1.7,1.7,0.8,7.5,12.5,,85,109,
Kevon Looney,C,23,GSW,1,1,10,4.7,18.8,.250,4.7,4.7,1.000,0.0,14.1,.000,0.0,0.0,,23.5,18.8,42.3,4.7,0.0,0.0,4.7,14.1,14.1,,110,114,
Brook Lopez,C,31,MIL,10,10,273,5.6,14.5,.386,2.6,8.9,.296,3.0,5.6,.529,3.1,3.5,.905,0.8,6.3,7.1,2.6,1.0,3.6,2.0,4.5,17.0,,103,102,
Robin Lopez,C,31,MIL,10,0,145,4.7,10.9,.429,0.9,5.0,.188,3.7,5.9,.632,1.6,3.4,.455,1.2,5.3,6.5,1.9,0.6,1.6,3.1,5.0,11.8,,85,106,
Kevin Love,PF,31,CLE,10,10,328,8.1,17.6,.458,2.9,8.6,.339,5.1,8.9,.574,8.1,9.2,.873,1.6,17.3,18.9,5.0,1.0,0.7,4.5,2.5,27.1,,114,103,
Kyle Lowry,PG,33,TOR,8,8,289,8.7,18.3,.478,4.7,11.0,.426,4.0,7.3,.556,6.0,6.8,.881,0.3,5.2,5.5,8.4,1.5,0.5,4.4,3.7,28.1,,119,106,
Trey Lyles,PF,24,SAS,11,11,223,4.2,8.6,.488,1.5,4.0,.368,2.7,4.6,.591,0.8,1.5,.571,4.2,14.2,18.4,3.1,0.4,0.6,1.9,3.1,10.7,,118,110,
Daryl Macon,SG,24,MIA,2,0,8,5.8,5.8,1.000,5.8,5.8,1.000,0.0,0.0,,0.0,0.0,,0.0,0.0,0.0,0.0,0.0,0.0,0.0,5.8,17.4,,300,111,
Josh Magette,PG,30,ORL,1,0,6,16.4,32.8,.500,0.0,0.0,,16.4,32.8,.500,0.0,0.0,,8.2,0.0,8.2,8.2,8.2,0.0,0.0,0.0,32.8,,118,93,
Thon Maker,C,22,DET,12,0,174,4.1,8.3,.500,1.1,2.8,.400,3.0,5.5,.550,3.3,5.5,.600,1.9,5.5,7.4,1.4,1.1,3.0,2.2,5.8,12.7,,108,111,
Terance Mann,SG,23,LAC,7,0,16,8.8,11.7,.750,0.0,0.0,,8.8,11.7,.750,0.0,0.0,,2.9,11.7,14.7,14.7,2.9,0.0,5.9,8.8,17.6,,124,99,
Boban Marjanović,C,31,DAL,4,1,44,11.9,23.9,.500,0.0,0.0,,11.9,23.9,.500,3.3,4.3,.750,7.6,14.1,21.7,3.3,1.1,1.1,5.4,6.5,27.1,,101,106,
Lauri Markkanen,PF,22,CHI,11,11,333,7.2,18.5,.386,2.5,9.3,.273,4.6,9.3,.500,5.9,7.2,.824,1.5,10.0,11.5,3.2,1.5,0.8,3.5,2.2,22.8,,99,105,
Caleb Martin,SF,24,CHO,3,0,25,3.8,17.1,.222,0.0,5.7,.000,3.8,11.4,.333,1.9,5.7,.333,0.0,7.6,7.6,5.7,1.9,3.8,5.7,3.8,9.5,,51,106,
Cody Martin,SF,24,CHO,10,0,135,3.9,9.5,.407,0.4,3.9,.091,3.5,5.6,.625,4.2,5.3,.800,1.4,7.7,9.1,3.5,2.8,0.4,1.1,4.9,12.3,,115,108,
Kelan Martin,SF,24,MIN,1,0,5,0.0,27.3,.000,0.0,9.1,.000,0.0,18.2,.000,0.0,0.0,,0.0,9.1,9.1,0.0,0.0,0.0,0.0,9.1,0.0,,0,111,
Garrison Mathews,SG,23,WAS,2,0,14,0.0,6.6,.000,0.0,6.6,.000,0.0,0.0,,0.0,0.0,,0.0,3.3,3.3,6.6,0.0,0.0,3.3,9.9,0.0,,38,121,
Wesley Matthews,SG,33,MIL,10,10,242,4.5,10.4,.429,2.6,7.8,.333,1.9,2.6,.714,0.4,0.6,.667,0.2,3.3,3.5,1.9,1.7,0.2,0.9,1.7,11.9,,108,107,
Patrick McCaw,SF,24,TOR,2,0,40,3.5,5.8,.600,1.2,3.5,.333,2.3,2.3,1.000,1.2,2.3,.500,2.3,4.7,7.0,3.5,3.5,0.0,3.5,3.5,9.3,,105,102,
CJ McCollum,SG,28,POR,12,12,450,10.2,25.0,.407,2.1,6.6,.313,8.1,18.4,.441,2.6,3.3,.781,1.1,4.4,5.5,3.8,0.9,0.7,2.9,4.0,25.0,,96,113,
T.J. McConnell,PG,27,IND,11,0,187,8.3,17.1,.485,0.0,0.3,.000,8.3,16.8,.492,1.0,1.0,1.000,1.6,7.0,8.6,12.7,1.6,0.8,3.6,3.6,17.6,,108,104,
Jalen McDaniels,PF,22,CHO,1,0,3,15.8,31.6,.500,0.0,0.0,,15.8,31.6,.500,0.0,0.0,,15.8,0.0,15.8,0.0,0.0,0.0,0.0,0.0,31.6,,118,119,
Doug McDermott,PF,28,IND,11,0,227,7.9,18.4,.430,3.8,9.4,.409,4.1,9.0,.452,1.3,1.5,.857,1.1,5.1,6.2,3.4,0.4,0.2,2.6,4.7,20.9,,104,109,
JaVale McGee,C,32,LAL,11,11,183,10.4,15.6,.667,0.0,0.0,,10.4,15.6,.667,1.6,2.9,.545,5.5,11.2,16.6,2.9,1.6,3.4,3.4,5.5,22.3,,119,94,
Rodney McGruder,SG,28,LAC,7,0,91,1.5,6.7,.231,0.5,3.1,.167,1.0,3.6,.286,0.0,1.0,.000,1.0,4.6,5.7,1.0,0.5,0.5,2.1,5.7,3.6,,53,108,
Alfonzo McKinnie,SF,27,CLE,5,0,17,2.8,2.8,1.000,2.8,2.8,1.000,0.0,0.0,,0.0,0.0,,2.8,8.5,11.3,0.0,0.0,0.0,2.8,8.5,8.5,,124,110,
Jordan McLaughlin,PG,23,MIN,4,0,57,3.2,12.0,.267,0.8,6.4,.125,2.4,5.6,.429,1.6,1.6,1.000,0.8,4.8,5.6,6.4,0.8,0.0,3.2,3.2,8.8,,79,112,
Ben McLemore,SG,26,HOU,11,1,177,4.6,13.7,.333,3.8,12.4,.306,0.8,1.3,.600,2.0,2.8,.727,0.5,2.3,2.8,2.3,1.5,0.3,1.0,4.6,14.9,,104,112,
Jordan McRae,SG,28,WAS,4,0,45,7.2,13.3,.538,1.0,3.1,.333,6.2,10.3,.600,2.1,2.1,1.000,1.0,8.2,9.2,4.1,0.0,0.0,3.1,9.2,17.4,,110,118,
Nicolò Melli,C,29,NOP,8,3,101,6.6,13.7,.484,2.2,8.0,.278,4.4,5.8,.769,3.5,4.4,.800,2.2,5.8,8.0,3.1,0.4,0.9,4.4,5.3,19.0,,103,116,
De'Anthony Melton,PG,21,MEM,4,0,35,6.5,19.6,.333,1.3,6.5,.200,5.2,13.0,.400,0.0,2.6,.000,1.3,3.9,5.2,6.5,5.2,0.0,5.2,1.3,14.4,,70,107,
Chimezie Metu,PF,22,SAS,4,0,18,15.6,28.6,.545,0.0,0.0,,15.6,28.6,.545,2.6,5.2,.500,18.2,7.8,26.0,5.2,0.0,5.2,0.0,0.0,33.7,,136,108,
Khris Middleton,SF,28,MIL,10,10,308,9.5,20.3,.468,3.5,8.9,.393,6.0,11.4,.526,4.5,5.1,.886,1.0,7.3,8.3,4.2,1.2,0.1,3.4,4.4,27.0,,111,106,
C.J. Miles,SG,32,WAS,4,0,71,5.8,19.5,.300,2.6,11.0,.235,3.2,8.4,.385,3.2,3.2,1.000,1.9,4.5,6.5,3.2,1.3,1.9,0.0,5.2,17.5,,103,115,
Malcolm Miller,SG,26,TOR,3,1,17,0.0,5.5,.000,0.0,5.5,.000,0.0,0.0,,0.0,0.0,,0.0,11.0,11.0,2.7,0.0,0.0,2.7,5.5,0.0,,21,105,
Patty Mills,PG,31,SAS,11,0,230,9.1,18.9,.484,4.7,10.4,.451,4.5,8.5,.524,3.9,4.7,.826,0.6,2.6,3.3,3.7,1.8,0.0,2.8,3.9,26.8,,118,113,
Paul Millsap,PF,34,DEN,10,10,269,7.3,16.3,.449,2.4,4.8,.500,4.9,11.5,.429,6.4,6.8,.946,3.5,7.7,11.2,2.4,1.1,1.5,1.8,5.3,23.4,,123,104,
Shake Milton,SG,23,PHI,4,0,35,9.3,22.7,.412,5.3,16.0,.333,4.0,6.7,.600,5.3,6.7,.800,0.0,4.0,4.0,5.3,0.0,0.0,5.3,9.3,29.3,,101,110,
Donovan Mitchell,SG,23,UTA,11,11,382,13.1,27.1,.484,2.5,6.2,.408,10.6,20.9,.506,6.1,7.7,.787,1.8,5.4,7.2,5.7,2.1,0.1,3.3,3.5,34.8,,112,100,
Naz Mitrou-Long,SG,26,IND,1,0,3,0.0,16.2,.000,0.0,16.2,.000,0.0,0.0,,0.0,0.0,,0.0,0.0,0.0,16.2,0.0,16.2,0.0,0.0,0.0,,54,93,
Malik Monk,SG,21,CHO,11,0,223,8.5,17.4,.488,2.3,7.9,.297,6.2,9.6,.644,2.1,2.8,.769,0.4,6.0,6.4,5.5,0.6,0.6,4.0,4.3,21.5,,102,113,
E'Twaun Moore,SG,30,NOP,5,0,83,8.6,19.4,.444,1.6,7.0,.231,7.0,12.4,.565,2.2,2.7,.800,1.6,4.9,6.5,2.7,1.1,0.0,1.1,3.8,21.0,,107,117,
Ja Morant,PG,20,MEM,10,10,275,11.8,24.4,.483,1.3,3.0,.444,10.5,21.4,.488,5.5,7.5,.733,1.8,3.7,5.5,9.6,1.7,0.3,6.6,3.7,30.4,,101,115,
Marcus Morris,PF,30,NYK,11,11,375,8.2,20.1,.410,3.5,8.2,.422,4.8,11.9,.402,6.2,7.6,.814,1.4,7.1,8.5,1.7,1.5,1.0,3.2,4.6,26.2,,105,111,
Markieff Morris,PF,30,DET,12,11,314,7.9,17.1,.464,3.1,7.5,.408,4.9,9.6,.508,2.9,4.0,.731,0.6,6.4,7.0,3.5,1.4,0.2,4.1,5.2,21.9,,100,114,
Monte Morris,PG,24,DEN,10,0,178,7.7,19.1,.406,1.1,2.8,.400,6.6,16.3,.407,2.2,2.5,.889,0.3,3.9,4.1,9.4,0.8,0.6,1.4,1.4,18.8,,107,108,
Johnathan Motley,PF,24,LAC,2,0,4,11.7,35.2,.333,11.7,11.7,1.000,0.0,23.5,.000,0.0,0.0,,11.7,11.7,23.5,23.5,0.0,0.0,23.5,11.7,35.2,,87,106,
Emmanuel Mudiay,PG,23,UTA,8,0,143,10.4,20.9,.500,1.0,4.4,.231,9.4,16.5,.571,5.1,6.1,.833,0.3,6.7,7.1,8.1,1.3,1.0,5.4,4.0,27.0,,103,100,
Dejounte Murray,PG,23,SAS,10,10,227,8.2,17.7,.465,0.4,2.1,.200,7.8,15.6,.500,5.6,7.0,.794,2.5,12.6,15.0,9.7,2.9,1.0,5.8,4.7,22.4,,103,105,
Jamal Murray,PG,22,DEN,10,10,336,10.2,23.0,.446,2.2,6.6,.333,8.0,16.4,.491,4.7,5.4,.865,1.3,5.7,7.0,6.7,1.5,0.6,3.8,3.4,27.4,,105,105,
Džanan Musa,SG,20,BRK,5,0,48,8.5,17.0,.500,0.9,8.5,.111,7.5,8.5,.889,3.8,3.8,1.000,0.0,6.6,6.6,0.9,0.0,0.0,3.8,3.8,21.7,,98,117,
Mike Muscala,C,28,OKC,10,0,120,4.4,15.8,.275,3.2,13.5,.235,1.2,2.4,.500,2.0,2.4,.833,1.6,7.9,9.5,4.8,0.4,1.2,2.0,6.7,13.9,,90,107,
Sviatoslav Mykhailiuk,SG,22,DET,7,0,93,5.2,11.9,.435,4.6,8.8,.529,0.5,3.1,.167,1.0,1.0,1.000,0.5,4.1,4.6,4.1,0.0,0.5,4.6,3.1,16.0,,99,118,
Abdel Nader,SF,26,OKC,5,0,61,4.7,15.6,.300,2.3,8.6,.273,2.3,7.0,.333,2.3,3.1,.750,1.6,6.2,7.8,2.3,0.0,0.8,6.2,3.9,14.0,,68,109,
Larry Nance,C,27,CLE,10,0,245,6.5,12.9,.500,2.0,5.3,.370,4.5,7.6,.590,2.7,3.5,.778,2.9,10.6,13.5,2.4,2.0,0.8,2.2,3.7,17.7,,117,104,
Shabazz Napier,PG,28,MIN,6,0,133,4.4,14.7,.302,2.4,10.6,.226,2.1,4.1,.500,4.8,5.5,.875,0.3,4.8,5.1,9.2,3.1,1.0,4.1,1.4,16.1,,98,106,
Raul Neto,PG,27,PHI,10,2,143,7.2,13.4,.537,1.6,3.3,.500,5.5,10.1,.548,0.7,0.7,1.000,0.3,3.9,4.2,6.5,2.0,0.7,4.2,1.6,16.6,,102,105,
Georges Niang,PF,26,UTA,9,0,82,5.3,11.2,.474,2.4,7.6,.308,2.9,3.5,.833,2.9,3.5,.833,0.0,5.3,5.3,2.4,0.0,0.0,2.4,8.2,15.9,,109,105,
Nerlens Noel,C,25,OKC,11,3,194,7.6,11.8,.646,0.0,0.0,,7.6,11.8,.646,3.4,4.2,.824,2.4,8.1,10.5,4.7,2.2,4.7,3.2,7.1,18.6,,122,98,
Zach Norvell,SG,22,LAL,2,0,5,0.0,9.5,.000,0.0,0.0,,0.0,9.5,.000,0.0,0.0,,0.0,9.5,9.5,0.0,0.0,0.0,0.0,0.0,0.0,,0,103,
Jaylen Nowell,SG,20,MIN,1,0,1,0.0,0.0,,0.0,0.0,,0.0,0.0,,0.0,0.0,,0.0,0.0,0.0,0.0,0.0,0.0,0.0,0.0,0.0,,,117,
Frank Ntilikina,PG,21,NYK,10,6,247,3.9,10.6,.370,1.6,4.3,.364,2.3,6.3,.375,0.6,1.2,.500,1.0,3.9,4.9,5.7,2.9,1.8,2.5,4.3,10.0,,93,109,
Kendrick Nunn,SG,24,MIA,10,10,292,10.4,23.1,.448,3.7,9.6,.383,6.7,13.5,.494,2.5,3.0,.842,0.2,3.5,3.7,4.5,2.5,0.5,3.7,4.0,26.9,,100,103,
David Nwaba,SG,27,BRK,7,0,85,2.7,4.8,.556,0.5,1.6,.333,2.1,3.2,.667,2.7,4.3,.625,1.1,8.5,9.6,1.6,1.1,3.2,2.7,6.9,8.5,,101,109,
Royce O'Neale,PF,26,UTA,11,10,308,3.9,7.0,.556,1.9,3.6,.522,2.0,3.4,.591,0.9,0.9,1.000,0.2,7.2,7.4,3.6,1.1,0.6,1.9,5.0,10.6,,121,101,
Kyle O'Quinn,C,29,PHI,10,0,100,7.5,14.5,.516,2.3,5.6,.417,5.1,8.9,.579,0.9,2.8,.333,6.1,10.3,16.3,6.5,0.9,2.8,4.2,7.5,18.2,,111,101,
Semi Ojeleye,PF,25,BOS,10,0,94,2.0,6.0,.333,0.5,2.5,.200,1.5,3.5,.429,1.5,2.5,.600,1.0,5.0,6.0,1.0,0.5,0.0,0.5,4.5,6.0,,95,111,
Jahlil Okafor,C,24,NOP,9,5,159,9.8,15.2,.648,0.0,0.0,,9.8,15.2,.648,5.3,7.9,.679,4.5,7.9,12.4,3.1,1.1,2.8,4.2,7.0,25.0,,118,111,
Elie Okobo,PG,22,PHO,5,0,17,10.9,19.0,.571,2.7,8.2,.333,8.2,10.9,.750,5.4,10.9,.500,0.0,5.4,5.4,10.9,2.7,0.0,0.0,2.7,29.9,,139,104,
Josh Okogie,SG,21,MIN,11,2,274,4.8,11.8,.408,1.0,4.1,.240,3.8,7.6,.500,5.0,7.1,.698,3.5,7.0,10.5,3.7,2.5,0.5,3.0,4.6,15.6,,106,106,
KZ Okpala,SF,20,MIA,2,0,3,0.0,0.0,,0.0,0.0,,0.0,0.0,,0.0,0.0,,0.0,15.5,15.5,0.0,0.0,0.0,15.5,0.0,0.0,,0,102,
Kelly Olynyk,C,28,MIA,10,0,224,5.2,14.1,.368,3.1,8.7,.357,2.1,5.4,.385,2.3,2.9,.786,1.7,8.5,10.2,4.2,2.1,1.0,2.9,7.7,15.8,,99,100,
Miye Oni,SG,22,UTA,1,0,2,0.0,0.0,,0.0,0.0,,0.0,0.0,,0.0,0.0,,0.0,0.0,0.0,0.0,0.0,0.0,0.0,0.0,0.0,,,109,
Cedi Osman,SF,24,CLE,10,10,306,5.2,12.6,.413,2.8,6.9,.409,2.4,5.7,.417,0.6,0.9,.667,0.5,3.9,4.4,3.5,1.7,0.3,1.6,3.8,13.8,,105,109,
Kelly Oubre,SF,24,PHO,10,10,291,8.7,18.6,.470,2.1,5.9,.351,6.7,12.7,.525,5.2,6.7,.786,2.2,6.2,8.4,2.4,1.4,1.3,2.5,5.2,24.8,,109,105,
Jabari Parker,PF,24,ATL,10,5,274,12.9,23.3,.552,1.9,7.1,.268,11.0,16.2,.677,3.3,4.7,.704,3.1,7.3,10.5,2.8,1.4,1.2,3.3,5.6,31.0,,113,108,
Eric Paschall,PF,23,GSW,11,5,337,8.9,17.2,.520,0.8,3.5,.240,8.1,13.7,.592,5.2,5.9,.881,1.7,4.9,6.6,2.0,0.8,0.6,2.0,2.9,23.8,,117,120,
Patrick Patterson,PF,30,LAC,11,11,213,4.2,11.9,.352,3.3,8.8,.375,0.9,3.1,.286,0.4,0.9,.500,2.4,6.4,8.8,2.6,0.4,0.2,1.3,2.9,12.1,,106,108,
Justin Patton,C,22,OKC,1,0,6,0.0,15.8,.000,0.0,7.9,.000,0.0,7.9,.000,0.0,0.0,,0.0,15.8,15.8,0.0,0.0,0.0,7.9,23.8,0.0,,0,104,
Chris Paul,PG,34,OKC,11,11,324,7.9,17.6,.450,2.9,6.9,.426,5.0,10.7,.466,5.9,7.0,.833,0.3,5.6,5.9,8.8,2.9,0.0,4.3,3.2,24.6,,111,104,
Elfrid Payton,PG,25,NYK,4,3,102,5.2,13.7,.379,2.4,3.8,.625,2.8,10.0,.286,2.4,2.8,.833,1.4,4.3,5.7,7.1,4.7,0.0,3.3,3.8,15.2,,102,107,
Theo Pinson,SG,24,BRK,2,0,10,4.5,18.1,.250,0.0,13.6,.000,4.5,4.5,1.000,9.0,9.0,1.000,0.0,9.0,9.0,13.6,4.5,0.0,4.5,0.0,18.1,,97,106,
Mason Plumlee,C,29,DEN,10,0,164,6.6,11.4,.579,0.0,0.3,.000,6.6,11.1,.595,4.2,7.8,.538,5.1,11.7,16.8,7.2,2.1,2.1,3.9,8.7,17.4,,113,98,
Vincent Poirier,C,26,BOS,5,0,29,4.9,13.0,.375,0.0,0.0,,4.9,13.0,.375,1.6,3.3,.500,8.1,4.9,13.0,4.9,1.6,3.3,4.9,9.8,11.4,,92,104,
Jakob Pöltl,C,24,SAS,11,0,159,5.3,10.3,.514,0.0,0.0,,5.3,10.3,.514,2.6,4.7,.563,6.5,8.2,14.7,4.7,1.2,2.1,2.9,5.9,13.2,,113,109,
Jordan Poole,SG,20,GSW,12,9,332,5.2,18.5,.282,2.8,10.1,.282,2.4,8.5,.283,3.3,3.4,.958,0.3,3.4,3.7,3.4,1.4,0.4,2.7,4.2,16.6,,83,120,
Kevin Porter,SG,19,CLE,9,0,168,5.4,15.4,.352,0.9,5.1,.167,4.6,10.3,.444,4.0,4.0,1.000,1.1,5.4,6.6,2.6,0.9,1.1,2.6,5.4,15.7,,91,109,
Michael Porter,PF,21,DEN,6,0,55,10.7,18.8,.571,1.8,4.5,.400,8.9,14.3,.625,4.5,7.2,.625,5.4,7.2,12.5,0.9,0.0,0.0,2.7,4.5,27.7,,117,108,
Otto Porter,SF,26,CHI,9,9,226,7.2,17.4,.417,3.3,8.3,.400,3.9,9.1,.432,3.1,4.1,.750,1.7,4.8,6.4,2.9,1.9,0.6,1.4,4.1,20.9,,110,108,
Bobby Portis,C,24,NYK,11,2,262,7.6,20.1,.376,1.7,5.5,.300,5.9,14.6,.405,1.8,2.6,.714,5.3,10.3,15.7,3.0,1.7,0.7,2.0,3.9,18.6,,98,110,
Kristaps Porziņģis,PF,24,DAL,9,9,283,10.0,24.8,.401,3.5,9.4,.375,6.4,15.3,.418,4.4,6.4,.684,1.3,10.6,12.0,2.5,0.3,3.7,3.0,5.6,27.8,,99,107,
Dwight Powell,PF,28,DAL,7,5,186,6.7,10.5,.634,0.3,1.0,.250,6.4,9.5,.676,2.6,4.9,.526,4.6,5.1,9.8,2.1,1.3,0.8,2.6,5.4,16.2,,120,111,
Norman Powell,SG,26,TOR,11,3,284,5.6,13.8,.405,1.8,6.7,.268,3.8,7.1,.535,3.6,4.3,.846,0.8,6.9,7.7,2.3,1.2,0.8,2.5,2.8,16.6,,98,105,
Julius Randle,PF,25,NYK,11,11,371,8.3,19.7,.424,1.0,5.0,.211,7.3,14.7,.496,4.7,7.4,.632,4.0,9.8,13.8,5.5,1.2,0.3,5.6,4.7,22.4,,93,112,
Cam Reddish,SF,20,ATL,10,8,235,3.9,15.4,.250,1.2,6.3,.194,2.6,9.1,.289,2.2,2.8,.786,1.2,6.3,7.5,3.7,2.2,0.4,3.9,3.3,11.2,,69,108,
J.J. Redick,SG,35,NOP,10,6,249,6.6,16.4,.407,5.4,11.9,.455,1.3,4.5,.280,3.1,3.8,.810,0.4,3.1,3.4,2.5,0.7,0.9,3.2,2.9,21.7,,105,117,
Josh Richardson,SG,26,PHI,11,11,370,7.2,17.3,.416,1.9,6.7,.283,5.3,10.6,.500,3.4,4.0,.844,0.9,4.3,5.2,6.1,2.0,0.9,3.9,4.2,19.7,,99,104,
Austin Rivers,SG,27,HOU,11,0,236,5.3,12.9,.412,3.0,8.2,.372,2.3,4.7,.480,0.8,1.7,.444,1.1,4.0,5.1,2.7,0.0,0.2,0.8,3.6,14.4,,111,115,
Duncan Robinson,PF,25,MIA,10,5,226,6.6,15.0,.438,4.5,11.5,.393,2.1,3.5,.588,0.8,0.8,1.000,0.2,5.1,5.4,1.2,0.6,1.2,1.6,4.5,18.5,,107,105,
Glenn Robinson,SF,26,GSW,12,12,369,6.5,13.2,.490,1.5,4.2,.364,5.0,9.0,.549,1.5,1.8,.857,3.6,5.0,8.5,2.8,1.7,0.3,1.7,2.5,16.0,,116,119,
Jerome Robinson,SG,22,LAC,6,0,41,6.9,19.5,.353,2.3,6.9,.333,4.6,12.6,.364,0.0,0.0,,0.0,5.7,5.7,4.6,1.1,0.0,8.0,2.3,16.0,,66,107,
Justin Robinson,PG,22,WAS,3,0,12,7.7,19.2,.400,3.8,3.8,1.000,3.8,15.4,.250,0.0,0.0,,3.8,7.7,11.5,7.7,0.0,0.0,7.7,0.0,19.2,,88,119,
Mitchell Robinson,C,21,NYK,7,6,123,11.0,15.3,.718,0.0,0.0,,11.0,15.3,.718,4.3,5.9,.733,8.3,8.3,16.5,1.6,2.0,5.1,2.0,8.6,26.3,,142,104,
Rajon Rondo,PG,33,LAL,1,0,14,6.8,20.4,.333,3.4,10.2,.333,3.4,10.2,.333,0.0,0.0,,0.0,20.4,20.4,23.8,0.0,0.0,0.0,3.4,17.0,,128,97,
Derrick Rose,PG,31,DET,7,1,170,15.0,28.8,.520,0.3,1.7,.167,14.7,27.1,.542,6.8,7.6,.889,0.8,2.5,3.4,12.1,2.3,1.1,6.5,2.3,37.0,,109,113,
Terrence Ross,SG,28,ORL,9,0,200,7.1,21.6,.330,3.2,13.0,.245,3.9,8.6,.457,2.9,3.2,.923,1.0,5.9,6.9,2.7,2.2,0.5,3.4,4.2,20.4,,84,102,
Terry Rozier,PG,25,CHO,11,11,350,8.8,21.1,.417,3.5,9.2,.382,5.3,11.9,.443,3.9,4.7,.829,0.7,5.1,5.8,7.7,1.6,0.4,5.1,3.9,25.1,,100,112,
Ricky Rubio,PG,29,PHO,9,9,293,7.1,16.7,.425,1.9,4.7,.400,5.2,12.0,.434,4.4,5.0,.875,0.6,8.5,9.1,12.5,2.2,0.0,3.0,4.3,20.5,,116,104,
D'Angelo Russell,SG,23,GSW,9,9,290,13.0,28.7,.452,4.4,11.8,.370,8.6,16.9,.510,7.1,9.2,.772,0.3,5.2,5.5,9.7,1.1,0.6,4.1,2.4,37.4,,112,119,
Domantas Sabonis,C,23,IND,9,9,314,11.3,21.8,.518,0.5,1.7,.273,10.8,20.1,.538,4.5,5.2,.853,5.1,13.4,18.5,5.4,0.9,1.1,3.4,5.2,27.5,,115,101,
JaKarr Sampson,SF,26,IND,7,6,142,7.2,12.6,.568,0.7,3.1,.222,6.5,9.6,.679,0.7,2.4,.286,2.0,5.1,7.2,0.7,1.7,1.7,1.4,6.8,15.7,,109,104,
Dario Šarić,PF,25,PHO,10,10,279,6.1,14.6,.420,2.8,7.5,.378,3.3,7.1,.465,1.7,2.2,.769,2.2,7.8,9.9,3.6,2.0,0.3,2.5,3.5,16.7,,103,104,
Tomáš Satoranský,PG,28,CHI,11,11,284,5.6,12.0,.466,2.0,4.1,.480,3.6,7.9,.458,2.3,2.6,.875,1.5,3.5,4.9,9.4,2.1,0.3,3.6,4.1,15.5,,112,108,
Admiral Schofield,SF,22,WAS,5,0,51,6.3,9.0,.700,3.6,6.3,.571,2.7,2.7,1.000,3.6,3.6,1.000,1.8,5.4,7.2,0.9,0.0,0.0,0.0,2.7,19.9,,190,120,
Dennis Schröder,PG,26,OKC,11,0,317,8.8,20.7,.428,2.1,7.0,.298,6.7,13.6,.495,3.6,4.6,.774,1.0,7.0,8.1,7.3,1.9,0.4,4.8,5.1,23.4,,97,105,
Mike Scott,PF,31,PHI,11,0,194,7.0,14.4,.483,2.9,7.7,.375,4.1,6.7,.607,1.2,1.2,1.000,2.4,7.2,9.6,1.2,0.7,0.0,1.4,5.3,18.0,,116,107,
Thabo Sefolosha,SF,35,HOU,9,0,98,2.7,10.5,.261,1.8,5.9,.308,0.9,4.6,.200,0.0,0.0,,4.1,8.7,12.8,5.5,1.4,1.4,1.8,4.1,7.3,,98,108,
Collin Sexton,PG,21,CLE,10,10,312,10.8,24.3,.443,2.9,7.4,.396,7.9,16.9,.464,4.3,5.4,.800,1.1,3.7,4.8,3.5,0.9,0.2,2.8,4.0,28.8,,105,111,
Landry Shamet,SG,22,LAC,10,10,294,4.8,12.3,.390,3.4,9.3,.362,1.4,3.0,.474,1.6,1.6,1.000,0.0,2.4,2.4,2.7,0.6,0.2,1.9,5.0,14.5,,106,110,
Pascal Siakam,PF,25,TOR,11,11,404,13.1,26.6,.491,2.9,7.7,.373,10.2,18.8,.540,5.5,6.6,.842,2.2,9.5,11.7,4.9,0.9,0.7,3.9,4.5,34.6,,110,103,
Chris Silva,PF,23,MIA,10,0,78,7.2,10.7,.667,0.0,0.6,.000,7.2,10.1,.706,4.8,4.8,1.000,9.5,8.4,17.9,3.6,1.8,5.4,6.6,13.7,19.1,,118,95,
Ben Simmons,PG,23,PHI,9,9,293,8.8,15.9,.550,0.0,0.0,,8.8,15.9,.550,2.4,4.5,.536,1.4,6.7,8.1,9.4,3.7,0.8,5.1,4.5,19.9,,102,100,
Anfernee Simons,SG,20,POR,12,0,259,9.4,19.8,.473,3.8,9.9,.382,5.6,9.9,.564,2.9,3.6,.800,0.5,3.4,4.0,2.5,1.4,0.4,2.5,4.1,25.4,,112,113,
Marcus Smart,SG,25,BOS,10,5,313,6.0,14.6,.412,3.9,10.1,.388,2.1,4.5,.467,1.7,2.1,.786,0.8,4.2,5.0,7.1,1.7,0.8,1.2,3.8,17.7,,121,108,
Dennis Smith,PG,22,NYK,4,0,40,1.2,16.9,.071,0.0,4.8,.000,1.2,12.1,.100,1.2,2.4,.500,0.0,1.2,1.2,6.0,3.6,1.2,6.0,12.1,3.6,,31,109,
Ish Smith,PG,31,WAS,9,5,227,5.7,13.6,.418,1.0,3.9,.263,4.7,9.8,.479,0.8,1.4,.571,1.4,3.7,5.1,7.5,0.8,0.8,2.0,3.9,13.2,,105,118,
Tony Snell,SF,28,DET,12,12,344,6.0,13.0,.462,4.2,9.2,.455,1.8,3.8,.481,0.6,0.6,1.000,0.7,1.8,2.5,3.2,1.0,0.3,0.8,3.1,16.7,,126,117,
Omari Spellman,PF,22,GSW,11,0,176,6.4,16.3,.393,0.8,3.7,.214,5.6,12.5,.447,4.8,5.6,.857,7.2,9.1,16.3,4.0,2.4,1.6,3.7,3.2,18.4,,104,113,
Edmond Sumner,PG,24,IND,3,2,67,6.5,13.0,.500,0.0,2.2,.000,6.5,10.9,.600,2.2,3.6,.600,0.7,1.4,2.2,4.3,3.6,0.7,0.7,6.5,15.2,,113,103,
Caleb Swanigan,PF,22,SAC,4,0,11,4.4,8.8,.500,0.0,0.0,,4.4,8.8,.500,4.4,8.8,.500,4.4,13.2,17.7,0.0,4.4,8.8,13.2,13.2,13.2,,57,91,
Jayson Tatum,PF,21,BOS,10,10,345,10.0,25.2,.397,3.4,8.5,.403,6.6,16.7,.393,3.7,4.7,.794,2.2,7.7,9.9,3.4,2.1,0.8,2.5,3.3,27.1,,101,104,
Jeff Teague,PG,31,MIN,7,6,181,8.0,15.6,.516,1.5,4.8,.316,6.5,10.8,.605,6.8,7.8,.871,0.3,3.5,3.8,11.1,2.5,0.3,3.8,4.5,24.4,,125,109,
Garrett Temple,SG,33,BRK,10,1,217,5.2,11.9,.439,3.1,8.8,.357,2.1,3.1,.667,2.1,2.5,.833,1.0,4.0,5.0,3.3,2.5,1.0,1.3,3.1,15.6,,124,111,
Daniel Theis,C,27,BOS,8,7,174,4.9,11.4,.429,0.5,2.4,.222,4.3,9.0,.485,3.0,4.3,.688,2.7,11.1,13.8,2.7,0.5,4.6,1.6,7.3,13.3,,106,101,
Isaiah Thomas,PG,30,WAS,7,4,169,10.1,22.9,.440,4.1,10.6,.385,6.0,12.3,.489,2.2,2.2,1.000,0.3,3.5,3.8,12.0,0.5,0.5,4.9,3.5,26.5,,109,119,
Khyri Thomas,SG,23,DET,2,0,6,0.0,0.0,,0.0,0.0,,0.0,0.0,,8.0,16.0,.500,0.0,0.0,0.0,0.0,0.0,0.0,0.0,0.0,8.0,,123,121,
Matt Thomas,SG,25,TOR,8,0,91,6.7,11.8,.565,4.6,8.7,.529,2.1,3.1,.667,1.0,1.5,.667,0.5,3.6,4.1,1.5,1.5,0.0,2.1,5.1,19.0,,123,107,
Tristan Thompson,C,28,CLE,10,10,335,10.2,18.8,.542,0.4,0.9,.500,9.8,17.9,.544,2.9,4.9,.588,6.9,9.5,16.4,3.3,1.3,2.0,1.3,4.0,23.7,,124,105,
Matisse Thybulle,SG,22,PHI,10,2,148,3.2,11.0,.286,1.9,6.9,.273,1.3,4.1,.308,1.9,3.2,.600,0.9,2.5,3.5,3.5,5.0,3.5,4.7,8.2,10.1,,72,94,
Anthony Tolliver,PF,34,POR,11,5,193,2.4,9.9,.244,1.9,8.0,.242,0.5,1.9,.250,1.7,2.2,.778,1.7,7.5,9.2,1.9,0.7,1.0,1.9,2.7,8.5,,84,111,
Karl-Anthony Towns,C,24,MIN,9,9,295,11.9,24.5,.484,5.1,12.5,.407,6.8,12.0,.564,6.9,9.4,.738,3.9,12.8,16.6,5.9,2.0,2.2,3.5,4.8,35.8,,122,102,
Gary Trent,SG,21,POR,7,0,59,4.7,14.2,.333,3.2,9.5,.333,1.6,4.7,.333,0.0,0.0,,2.4,5.5,7.9,2.4,0.8,0.0,0.8,4.0,12.7,,102,113,
Allonzo Trier,SG,24,NYK,8,1,117,6.6,14.0,.471,3.7,8.3,.450,2.9,5.8,.500,6.6,8.7,.762,0.4,4.5,5.0,5.0,0.8,1.2,5.8,7.8,23.5,,106,114,
P.J. Tucker,PF,34,HOU,11,11,379,4.7,9.2,.513,2.8,6.1,.462,1.9,3.1,.615,0.9,1.1,.889,2.1,6.4,8.5,2.1,1.7,0.7,1.5,4.5,13.2,,127,109,
Evan Turner,PG,31,ATL,3,0,34,5.6,9.8,.571,0.0,1.4,.000,5.6,8.4,.667,5.6,7.0,.800,0.0,4.2,4.2,9.8,4.2,0.0,2.8,2.8,16.8,,127,106,
Myles Turner,C,23,IND,4,4,126,8.5,15.4,.550,3.1,5.8,.533,5.4,9.6,.560,2.7,3.5,.778,3.5,6.9,10.4,0.8,0.8,1.9,2.7,3.1,22.7,,119,105,
Jonas Valančiūnas,C,27,MEM,11,11,248,10.9,21.2,.513,1.1,3.7,.300,9.8,17.5,.558,3.1,3.3,.944,4.2,14.9,19.2,4.1,0.4,1.5,4.4,5.2,26.0,,105,110,
Denzel Valentine,SG,26,CHI,2,0,6,7.8,39.0,.200,7.8,23.4,.333,0.0,15.6,.000,0.0,0.0,,7.8,7.8,15.6,0.0,0.0,0.0,0.0,0.0,23.4,,75,111,
Jarred Vanderbilt,PF,20,DEN,2,0,7,0.0,0.0,,0.0,0.0,,0.0,0.0,,0.0,0.0,,0.0,7.0,7.0,7.0,0.0,0.0,7.0,0.0,0.0,,42,109,
Fred VanVleet,SG,25,TOR,11,11,423,6.5,17.0,.383,3.1,7.6,.406,3.4,9.4,.365,4.6,5.1,.913,0.1,5.0,5.1,9.3,2.0,0.2,2.9,2.9,20.7,,111,105,
Noah Vonleh,C,24,MIN,11,0,147,5.6,10.8,.514,0.3,2.5,.125,5.3,8.4,.630,3.4,4.0,.846,3.4,9.3,12.7,3.1,1.2,0.9,2.8,4.9,14.8,,113,107,
Nikola Vučević,C,29,ORL,11,11,350,11.1,24.4,.454,1.5,5.8,.268,9.5,18.7,.511,3.8,4.5,.844,3.8,14.0,17.8,4.8,1.3,1.4,2.1,3.1,27.5,,109,99,
Moritz Wagner,C,22,WAS,9,0,160,10.1,17.6,.574,2.0,5.5,.368,8.1,12.1,.667,6.1,6.9,.875,3.5,9.2,12.7,0.9,1.7,2.9,6.3,10.4,28.3,,106,110,
Kemba Walker,PG,29,BOS,10,10,338,10.6,25.2,.422,6.1,13.8,.444,4.5,11.3,.395,7.5,8.2,.915,1.7,5.5,7.1,6.4,1.3,1.0,2.8,2.9,34.9,,121,108,
Lonnie Walker,SG,21,SAS,7,0,29,3.2,19.3,.167,0.0,3.2,.000,3.2,16.1,.200,1.6,4.8,.333,1.6,11.3,12.9,3.2,0.0,1.6,4.8,6.4,8.1,,44,111,
Tyrone Wallace,SG,25,ATL,7,0,89,5.9,13.4,.440,0.0,3.8,.000,5.9,9.7,.611,4.8,8.0,.600,1.6,7.0,8.6,3.2,1.1,0.0,3.8,7.0,16.6,,92,111,
Taurean Waller-Prince,SF,25,BRK,10,10,309,6.7,15.2,.442,4.1,9.5,.431,2.6,5.7,.462,1.6,2.3,.688,1.5,7.8,9.2,1.8,1.8,0.6,2.9,4.1,19.2,,106,111,
Derrick Walton,PG,24,LAC,2,0,3,0.0,0.0,,0.0,0.0,,0.0,0.0,,0.0,0.0,,0.0,0.0,0.0,0.0,0.0,0.0,0.0,0.0,0.0,,,113,
Brad Wanamaker,PG,30,BOS,10,0,131,6.5,11.9,.545,0.7,2.5,.286,5.8,9.4,.615,5.0,5.4,.933,0.7,6.1,6.9,7.6,2.5,0.4,3.6,5.4,18.7,,120,105,
T.J. Warren,SF,26,IND,11,11,379,11.4,21.5,.530,1.0,3.6,.286,10.4,17.9,.579,2.2,2.8,.773,0.9,3.7,4.6,1.9,2.0,0.5,1.8,3.7,26.0,,110,106,
PJ Washington,PF,21,CHO,11,11,342,7.2,14.6,.495,2.5,5.4,.462,4.7,9.2,.515,2.5,3.5,.720,1.7,7.4,9.0,2.1,1.9,1.2,2.4,3.3,19.4,,111,109,
Yuta Watanabe,SG,25,MEM,1,0,3,30.4,30.4,1.000,0.0,0.0,,30.4,30.4,1.000,0.0,0.0,,0.0,15.2,15.2,0.0,0.0,0.0,0.0,15.2,60.9,,200,112,
Russell Westbrook,PG,31,HOU,10,10,326,11.3,24.9,.453,1.5,6.7,.224,9.8,18.1,.538,5.4,8.1,.661,1.8,9.2,11.0,9.5,2.5,0.5,5.9,4.8,29.4,,101,106,
Coby White,PG,19,CHI,11,0,267,8.8,23.8,.368,3.2,11.0,.286,5.6,12.8,.438,3.5,4.7,.741,0.4,6.0,6.3,4.4,1.2,0.0,2.5,2.1,24.2,,94,109,
Derrick White,PG,25,SAS,11,1,260,7.7,16.7,.462,1.8,4.5,.400,5.9,12.2,.485,5.0,6.1,.824,1.4,4.3,5.8,4.7,0.9,1.4,1.8,5.6,22.3,,119,112,
Hassan Whiteside,C,30,POR,11,11,303,10.2,17.7,.574,0.0,0.0,,10.2,17.7,.574,4.8,6.5,.738,6.9,13.7,20.6,1.7,0.6,2.9,3.2,5.1,25.1,,120,105,
Andrew Wiggins,SF,24,MIN,11,11,382,13.1,27.4,.478,3.1,8.6,.361,10.0,18.8,.532,4.6,6.3,.736,1.7,5.0,6.7,4.8,1.0,1.4,2.0,2.7,33.9,,116,110,
Grant Williams,PF,21,BOS,10,0,153,2.5,9.6,.258,0.0,4.3,.000,2.5,5.2,.471,3.4,4.3,.786,2.8,5.6,8.3,3.7,1.9,2.2,2.2,6.2,8.3,,88,105,
Kenrich Williams,PF,25,NOP,10,2,205,4.8,10.7,.449,2.6,7.0,.375,2.2,3.7,.588,1.1,2.4,.455,3.3,7.0,10.3,3.7,2.0,1.3,0.9,5.9,13.3,,125,112,
Lou Williams,SG,33,LAC,11,2,360,10.2,25.2,.404,2.3,7.0,.333,7.8,18.1,.432,9.0,10.7,.841,1.0,4.7,5.7,7.8,0.5,0.4,4.0,2.1,31.7,,108,109,
Marvin Williams,PF,33,CHO,11,0,186,5.6,12.2,.458,2.8,7.4,.379,2.8,4.8,.579,2.3,3.1,.750,1.3,4.8,6.1,1.5,1.3,0.8,1.5,3.3,16.3,,114,112,
Robert Williams,C,22,BOS,8,1,128,7.7,10.0,.778,0.0,0.0,,7.7,10.0,.778,1.8,3.3,.556,3.3,11.1,14.4,5.5,3.0,4.8,2.2,7.7,17.3,,140,95,
Nigel Williams-Goss,PG,25,UTA,4,0,8,0.0,12.0,.000,0.0,6.0,.000,0.0,6.0,.000,0.0,0.0,,0.0,0.0,0.0,6.0,0.0,0.0,6.0,6.0,0.0,,20,108,
D.J. Wilson,PF,23,MIL,4,0,17,5.3,23.8,.222,2.6,18.5,.143,2.6,5.3,.500,0.0,0.0,,0.0,10.6,10.6,5.3,0.0,0.0,2.6,2.6,13.2,,63,107,
Justise Winslow,SF,23,MIA,5,5,181,7.2,18.5,.389,0.8,3.1,.250,6.4,15.4,.417,2.6,4.4,.588,2.3,8.0,10.3,6.2,1.3,0.8,4.1,4.4,17.7,,89,103,
Christian Wood,PF,24,DET,10,0,158,9.1,15.2,.600,2.7,5.2,.529,6.4,10.0,.636,5.2,8.2,.630,2.7,9.1,11.8,0.9,0.9,2.7,2.7,2.1,26.1,,122,110,
Delon Wright,SG,27,DAL,10,2,236,6.5,12.3,.525,1.2,3.2,.375,5.3,9.1,.578,2.4,2.8,.857,1.0,6.3,7.3,7.5,2.2,0.4,1.2,2.4,16.6,,133,109,
Thaddeus Young,PF,31,CHI,11,0,251,8.6,18.4,.465,2.4,7.6,.317,6.1,10.8,.569,0.9,2.2,.417,2.6,5.6,8.2,3.2,2.4,0.6,2.8,3.4,20.5,,100,106,
Trae Young,PG,21,ATL,9,9,302,13.1,28.3,.464,5.2,13.0,.402,7.9,15.3,.515,8.4,10.4,.803,0.9,5.2,6.2,12.3,2.2,0.2,7.1,1.6,39.8,,112,109,
Cody Zeller,C,27,CHO,10,10,270,9.1,16.5,.553,1.2,3.9,.318,7.9,12.6,.625,3.7,5.3,.700,6.3,10.5,16.9,2.5,1.2,0.5,2.6,4.7,23.2,,121,109,
Ivica Zubac,C,22,LAC,11,10,172,10.4,17.2,.603,0.0,0.0,,10.4,17.2,.603,6.3,7.6,.821,7.1,13.1,20.2,1.9,0.8,3.8,2.5,5.5,27.0,,131,98,