player,pos,age,team_id,g,gs,mp_per_g,fg_per_g,fga_per_g,fg_pct,fg3_per_g,fg3a_per_g,fg3_pct,fg2_per_g,fg2a_per_g,fg2_pct,efg_pct,ft_per_g,fta_per_g,ft_pct,orb_per_g,drb_per_g,trb_per_g,ast_per_g,stl_per_g,blk_per_g,tov_per_g,pf_per_g,pts_per_g,
Steven Adams,C,26,OKC,8,8,25.8,3.9,7.5,.517,0.0,0.0,,3.9,7.5,.517,.517,0.8,2.9,.261,3.1,6.5,9.6,1.9,0.4,0.8,1.3,1.6,8.5,
Bam Adebayo,C,22,MIA,10,10,31.4,4.5,7.7,.584,0.1,0.5,.200,4.4,7.2,.611,.591,4.2,6.9,.609,2.5,7.3,9.8,4.6,1.6,1.4,2.7,3.1,13.3,
LaMarcus Aldridge,C,34,SAS,11,11,32.1,7.3,13.9,.523,0.3,1.2,.231,7.0,12.7,.550,.533,3.1,3.8,.810,2.1,3.8,5.9,2.4,0.6,1.7,2.0,2.5,17.9,
Nickeil Alexander-Walker,SG,21,NOP,10,0,12.3,1.8,6.2,.290,0.9,3.1,.290,0.9,3.1,.290,.363,0.5,0.6,.833,0.2,1.8,2.0,2.4,0.4,0.0,1.3,1.7,5.0,
Grayson Allen,SG,24,MEM,5,0,16.8,2.2,7.0,.314,1.0,3.8,.263,1.2,3.2,.375,.386,2.0,2.4,.833,0.2,1.8,2.0,1.6,0.4,0.0,1.4,2.0,7.4,
Jarrett Allen,C,21,BRK,10,7,25.5,3.2,5.3,.604,0.0,0.0,,3.2,5.3,.604,.604,2.1,3.8,.553,3.0,5.6,8.6,0.9,0.4,1.6,1.7,2.7,8.5,
Al-Farouq Aminu,PF,29,ORL,11,0,19.7,1.3,4.2,.304,0.5,1.8,.300,0.7,2.4,.308,.370,1.0,1.4,.733,1.1,3.5,4.6,0.9,0.9,0.5,0.8,2.0,4.1,
Kyle Anderson,SF,26,MEM,11,0,20.6,2.7,5.4,.508,0.2,1.0,.182,2.5,4.4,.583,.525,1.4,2.3,.600,0.7,3.6,4.4,2.5,0.9,0.8,0.8,2.0,7.0,
Ryan Anderson,PF,31,HOU,2,0,7.0,1.0,3.5,.286,0.5,2.5,.200,0.5,1.0,.500,.357,0.0,0.0,,0.0,3.5,3.5,1.0,0.5,0.0,0.5,0.5,2.5,
Giannis Antetokounmpo,PF,25,MIL,10,10,33.1,10.7,18.3,.585,1.2,3.9,.308,9.5,14.4,.660,.617,7.1,11.0,.645,2.3,12.0,14.3,6.8,1.3,1.6,4.4,4.2,29.7,
Kostas Antetokounmpo,PF,22,LAL,2,0,1.5,0.0,0.0,,0.0,0.0,,0.0,0.0,,,0.0,0.0,,0.0,0.5,0.5,0.0,0.0,0.0,0.0,0.0,0.0,
Thanasis Antetokounmpo,SF,27,MIL,1,0,6.0,1.0,2.0,.500,0.0,0.0,,1.0,2.0,.500,.500,0.0,0.0,,2.0,0.0,2.0,1.0,0.0,0.0,0.0,0.0,2.0,
OG Anunoby,SF,22,TOR,10,10,30.0,4.6,8.3,.554,1.9,3.6,.528,2.7,4.7,.574,.669,0.6,1.0,.600,1.2,4.4,5.6,1.8,1.2,1.3,1.0,2.4,11.7,
Ryan Arcidiacono,PG,25,CHI,11,0,15.0,1.1,2.6,.414,0.6,1.4,.467,0.5,1.3,.357,.534,1.0,1.2,.846,0.5,1.5,1.9,2.0,0.6,0.1,0.4,1.8,3.8,
Trevor Ariza,SF,34,SAC,10,0,21.3,1.5,4.0,.375,1.2,3.1,.387,0.3,0.9,.333,.525,0.4,0.5,.800,0.4,3.3,3.7,0.9,0.9,0.0,0.6,1.7,4.6,
D.J. Augustin,PG,32,ORL,11,5,25.5,3.5,8.7,.396,0.6,2.5,.250,2.8,6.2,.456,.432,2.0,2.3,.880,0.6,1.3,1.9,4.5,0.5,0.0,1.1,1.1,9.5,
Deandre Ayton,C,21,PHO,1,1,33.0,9.0,14.0,.643,0.0,0.0,,9.0,14.0,.643,.643,0.0,0.0,,3.0,8.0,11.0,0.0,1.0,4.0,0.0,2.0,18.0,
Dwayne Bacon,SG,24,CHO,10,10,25.3,3.8,11.1,.342,0.8,3.1,.258,3.0,8.0,.375,.378,1.5,2.2,.682,0.7,2.6,3.3,1.6,0.8,0.1,1.8,2.4,9.9,
Marvin Bagley,PF,20,SAC,1,1,28.0,6.0,16.0,.375,0.0,0.0,,6.0,16.0,.375,.375,2.0,4.0,.500,4.0,6.0,10.0,0.0,1.0,1.0,1.0,1.0,14.0,
Lonzo Ball,PG,22,NOP,8,8,29.0,4.3,10.3,.415,2.3,6.1,.367,2.0,4.1,.485,.524,0.8,1.3,.600,0.8,3.8,4.5,6.1,1.6,0.1,2.4,1.8,11.5,
Mo Bamba,C,21,ORL,9,0,13.3,1.9,5.3,.354,0.6,2.0,.278,1.3,3.3,.400,.406,0.1,0.4,.250,1.2,3.0,4.2,0.3,0.3,1.0,0.8,2.2,4.4,
J.J. Barea,PG,35,DAL,1,0,16.0,3.0,6.0,.500,3.0,4.0,.750,0.0,2.0,.000,.750,2.0,2.0,1.000,1.0,0.0,1.0,3.0,0.0,0.0,2.0,0.0,11.0,
Harrison Barnes,SF,27,SAC,10,10,33.6,5.6,11.4,.491,1.5,4.0,.375,4.1,7.4,.554,.557,2.9,3.9,.744,1.5,3.6,5.1,1.7,1.3,0.2,1.0,1.4,15.6,
RJ Barrett,SG,19,NYK,11,11,35.0,6.0,14.6,.410,1.3,3.5,.359,4.7,11.1,.426,.453,2.7,6.1,.448,1.4,4.5,5.8,4.1,1.4,0.3,2.6,2.7,16.0,
Will Barton,SG,29,DEN,8,8,32.5,5.4,12.3,.439,2.1,4.0,.531,3.3,8.3,.394,.526,2.8,3.6,.759,2.0,5.9,7.9,2.5,1.4,0.8,1.5,1.8,15.6,
Nicolas Batum,SF,31,CHO,1,0,11.0,0.0,0.0,,0.0,0.0,,0.0,0.0,,,0.0,0.0,,1.0,3.0,4.0,2.0,0.0,0.0,2.0,2.0,0.0,
Aron Baynes,C,33,PHO,10,9,24.3,5.9,10.0,.590,2.2,4.4,.500,3.7,5.6,.661,.700,2.2,3.0,.733,1.7,4.1,5.8,3.1,0.3,0.9,1.0,4.1,16.2,
Kent Bazemore,SF,30,POR,12,2,24.3,2.8,7.9,.358,1.3,3.9,.340,1.5,4.0,.375,.442,1.2,1.8,.667,0.3,4.4,4.8,1.5,1.0,1.0,1.7,3.8,8.2,
Darius Bazley,PF,19,OKC,11,0,18.4,1.8,4.4,.417,1.0,2.5,.407,0.8,1.9,.429,.531,0.5,0.9,.600,0.4,3.8,4.2,0.7,0.3,0.3,1.1,0.9,5.2,
Bradley Beal,SG,26,WAS,9,9,36.1,9.9,22.8,.434,2.9,9.0,.321,7.0,13.8,.508,.498,5.4,6.9,.790,1.2,3.6,4.8,6.4,1.1,0.2,3.6,2.4,28.1,
Malik Beasley,SG,23,DEN,9,0,16.2,2.3,6.3,.368,1.3,3.2,.414,1.0,3.1,.321,.474,0.3,0.3,1.000,0.3,1.1,1.4,0.8,0.7,0.1,1.2,1.3,6.3,
Marco Belinelli,SG,33,SAS,11,0,17.1,1.6,6.3,.261,0.8,3.4,.243,0.8,2.9,.281,.326,0.6,0.9,.700,0.0,1.3,1.3,1.5,0.3,0.0,0.5,0.9,4.7,
Jordan Bell,PF,25,MIN,4,0,10.8,2.3,3.3,.692,0.0,0.3,.000,2.3,3.0,.750,.692,1.3,1.3,1.000,1.3,3.5,4.8,1.3,0.0,0.3,2.3,1.0,5.8,
DeAndre' Bembry,SG,25,ATL,10,0,26.4,3.6,6.7,.537,0.1,0.9,.111,3.5,5.8,.603,.545,0.9,2.2,.409,1.2,3.1,4.3,3.1,1.4,0.2,1.7,2.2,8.2,
Dāvis Bertāns,PF,27,WAS,9,0,27.4,3.9,9.0,.432,3.1,7.1,.438,0.8,1.9,.412,.605,0.9,1.0,.889,0.2,3.4,3.7,1.3,0.4,0.4,0.7,2.4,11.8,
Patrick Beverley,PG,31,LAC,11,11,29.8,2.7,7.7,.353,0.6,4.2,.152,2.1,3.5,.590,.394,0.9,1.5,.588,1.1,5.3,6.4,2.9,1.5,0.5,1.6,3.6,7.0,
Khem Birch,C,27,ORL,4,0,11.3,0.3,1.3,.200,0.0,0.3,.000,0.3,1.0,.250,.200,0.5,2.0,.250,0.8,1.5,2.3,0.3,0.3,0.0,0.0,0.8,1.0,
Goga Bitadze,C,20,IND,6,2,18.2,2.3,4.8,.483,0.5,1.3,.375,1.8,3.5,.524,.534,1.5,2.0,.750,1.8,3.2,5.0,1.5,0.0,2.2,1.3,3.3,6.7,
Bismack Biyombo,C,27,CHO,9,1,12.6,2.3,3.6,.656,0.0,0.0,,2.3,3.6,.656,.656,1.3,2.8,.480,1.0,1.3,2.3,0.8,0.4,0.4,0.9,1.8,6.0,
Nemanja Bjelica,PF,31,SAC,10,9,24.7,4.0,7.4,.541,2.0,4.0,.500,2.0,3.4,.588,.676,0.2,0.2,1.000,1.5,3.8,5.3,2.4,0.9,0.3,1.0,2.3,10.2,
Eric Bledsoe,PG,30,MIL,10,10,26.6,6.2,13.4,.463,1.5,5.0,.300,4.7,8.4,.560,.519,2.4,3.1,.774,0.9,4.8,5.7,5.0,0.6,0.3,1.9,2.9,16.3,
Bogdan Bogdanović,SG,27,SAC,10,0,25.6,4.3,11.2,.384,2.7,6.8,.397,1.6,4.4,.364,.504,2.0,2.7,.741,0.1,2.5,2.6,4.0,1.3,0.1,1.6,2.2,13.3,
Bojan Bogdanović,SF,30,UTA,10,10,32.0,6.9,15.0,.460,2.8,6.4,.438,4.1,8.6,.477,.553,3.2,3.5,.914,0.2,4.0,4.2,1.9,0.9,0.4,2.7,2.3,19.8,
Jonah Bolden,PF,24,PHI,2,0,2.5,0.5,0.5,1.000,0.0,0.0,,0.5,0.5,1.000,1.000,0.0,1.0,.000,0.0,0.0,0.0,0.0,0.5,0.0,0.5,0.0,1.0,
Jordan Bone,PG,22,DET,2,0,2.0,0.0,1.5,.000,0.0,0.5,.000,0.0,1.0,.000,.000,0.0,0.0,,0.0,0.0,0.0,0.0,0.0,0.0,1.0,1.0,0.0,
Isaac Bonga,SF,20,WAS,7,7,21.3,1.9,4.1,.448,0.1,0.7,.200,1.7,3.4,.500,.466,0.9,1.3,.667,1.0,2.9,3.9,1.7,1.0,0.1,0.9,3.0,4.7,
Devin Booker,SG,23,PHO,10,10,34.8,9.3,17.2,.541,2.5,4.9,.510,6.8,12.3,.553,.613,4.2,4.5,.933,0.3,3.0,3.3,5.8,0.4,0.4,3.7,3.8,25.3,
Chris Boucher,PF,27,TOR,9,0,10.8,1.6,3.8,.412,0.4,1.4,.308,1.1,2.3,.476,.471,0.8,1.1,.700,1.2,1.9,3.1,0.4,0.4,1.2,0.2,1.4,4.3,
Brian Bowen,SG,21,IND,1,0,3.0,1.0,2.0,.500,0.0,0.0,,1.0,2.0,.500,.500,0.0,0.0,,0.0,0.0,0.0,0.0,0.0,0.0,0.0,0.0,2.0,
Ky Bowman,PG,22,GSW,12,3,18.3,2.6,5.7,.456,0.7,1.7,.400,1.9,4.0,.479,.515,0.7,0.8,.889,0.1,1.8,1.8,2.1,0.8,0.1,1.2,1.5,6.5,
Avery Bradley,SG,29,LAL,10,10,27.4,4.1,8.4,.488,0.8,2.8,.286,3.3,5.6,.589,.536,0.6,0.8,.750,0.7,2.5,3.2,1.8,1.0,0.1,1.1,2.6,9.6,
Tony Bradley,C,22,UTA,8,0,9.1,1.9,3.0,.625,0.0,0.0,,1.9,3.0,.625,.625,0.9,1.5,.583,1.8,1.6,3.4,0.1,0.3,0.3,0.4,1.6,4.6,
Jarrell Brantley,PF,23,UTA,1,0,5.0,0.0,0.0,,0.0,0.0,,0.0,0.0,,,0.0,0.0,,0.0,3.0,3.0,1.0,0.0,1.0,0.0,0.0,0.0,
Ignas Brazdeikis,SF,21,NYK,4,0,3.5,0.5,1.8,.286,0.0,0.5,.000,0.5,1.3,.400,.286,0.5,0.5,1.000,0.0,0.0,0.0,0.3,0.0,0.3,0.3,0.3,1.5,
Mikal Bridges,SF,23,PHO,10,0,19.8,1.8,4.2,.429,0.3,1.5,.200,1.5,2.7,.556,.464,0.7,1.0,.700,0.5,3.1,3.6,1.0,1.5,0.4,0.6,1.5,4.6,
Miles Bridges,SF,21,CHO,11,11,33.5,5.2,10.9,.475,1.7,4.5,.388,3.5,6.5,.535,.554,1.0,1.5,.647,1.5,4.0,5.5,2.5,0.3,0.8,2.2,2.1,13.1,
Ryan Broekhoff,SG,29,DAL,2,0,2.0,0.5,0.5,1.000,0.5,0.5,1.000,0.0,0.0,,1.500,0.0,0.0,,0.0,0.0,0.0,0.5,0.0,0.0,0.0,0.0,1.5,
Malcolm Brogdon,PG,27,IND,11,11,33.0,7.5,15.9,.469,1.5,4.5,.327,6.0,11.5,.524,.514,4.4,4.5,.980,0.6,4.5,5.2,8.5,1.1,0.3,3.1,2.5,20.7,
Dillon Brooks,SF,24,MEM,11,11,27.3,4.9,12.0,.409,1.7,4.5,.380,3.2,7.5,.427,.481,2.1,2.4,.885,1.2,2.6,3.8,2.2,1.1,0.5,1.2,4.3,13.6,
Bruce Brown,SG,23,DET,12,8,27.3,2.8,7.2,.384,0.4,1.4,.294,2.3,5.8,.406,.413,1.3,2.3,.593,1.0,3.2,4.2,3.3,0.9,0.3,2.2,3.3,7.3,
Charlie Brown,SG,22,ATL,1,0,4.0,0.0,0.0,,0.0,0.0,,0.0,0.0,,,2.0,2.0,1.000,0.0,1.0,1.0,0.0,0.0,0.0,0.0,0.0,2.0,
Jaylen Brown,SG,23,BOS,7,7,31.9,7.6,14.6,.520,1.0,3.7,.269,6.6,10.9,.605,.554,4.0,5.0,.800,0.9,6.0,6.9,2.4,0.7,0.4,1.3,3.3,20.1,
Moses Brown,C,20,POR,2,0,2.5,0.0,0.5,.000,0.0,0.0,,0.0,0.5,.000,.000,0.0,0.0,,0.0,1.5,1.5,0.0,0.0,0.0,0.0,0.0,0.0,
Sterling Brown,SG,24,MIL,7,0,12.1,2.1,4.1,.517,0.7,1.7,.417,1.4,2.4,.588,.603,0.6,0.9,.667,0.9,3.1,4.0,0.6,0.6,0.1,0.7,0.9,5.6,
Troy Brown,SG,20,WAS,6,2,22.2,3.2,7.0,.452,0.8,2.2,.385,2.3,4.8,.483,.512,1.0,1.0,1.000,1.8,2.8,4.7,2.0,1.3,0.2,1.0,1.2,8.2,
Jalen Brunson,PG,23,DAL,10,3,20.9,3.2,7.5,.427,0.7,2.6,.269,2.5,4.9,.510,.473,1.2,2.0,.600,0.9,2.5,3.4,3.4,0.7,0.0,1.1,1.4,8.3,
Thomas Bryant,C,22,WAS,9,9,30.0,5.7,11.2,.505,0.7,2.8,.240,5.0,8.4,.592,.535,2.7,3.3,.800,2.4,6.9,9.3,2.3,0.7,1.6,1.7,2.3,14.7,
Trey Burke,PG,27,PHI,2,0,18.5,3.0,7.5,.400,1.0,1.5,.667,2.0,6.0,.333,.467,1.5,2.0,.750,1.0,2.0,3.0,3.5,1.0,0.5,0.5,0.0,8.5,
Alec Burks,SG,28,GSW,9,1,25.1,4.4,9.7,.460,1.4,3.4,.419,3.0,6.2,.482,.534,3.2,3.7,.879,0.6,3.4,4.0,2.2,0.4,0.6,1.1,2.1,13.6,
Deonte Burton,SG,26,OKC,5,0,7.8,1.4,3.4,.412,1.0,2.0,.500,0.4,1.4,.286,.559,0.0,0.0,,0.0,1.4,1.4,0.2,0.2,0.0,0.6,0.8,3.8,
Jimmy Butler,SF,30,MIA,7,7,33.4,5.9,13.3,.441,0.7,3.0,.238,5.1,10.3,.500,.468,7.0,8.7,.803,2.0,4.0,6.0,6.6,2.7,0.6,1.9,1.1,19.4,
Bruno Caboclo,SF,24,MEM,7,0,10.1,1.7,4.1,.414,0.3,1.6,.182,1.4,2.6,.556,.448,0.0,0.0,,0.9,1.6,2.4,0.6,0.6,1.1,0.4,1.1,3.7,
Kentavious Caldwell-Pope,SG,26,LAL,11,1,19.5,2.2,6.1,.358,0.5,2.0,.227,1.7,4.1,.422,.396,0.5,0.6,.714,0.4,1.6,2.0,1.4,0.6,0.1,0.6,1.6,5.3,
Vlatko Čančar,SF,22,DEN,1,0,2.0,0.0,0.0,,0.0,0.0,,0.0,0.0,,,0.0,0.0,,0.0,0.0,0.0,0.0,0.0,0.0,0.0,0.0,0.0,
Clint Capela,C,25,HOU,11,11,30.2,6.1,9.4,.650,0.0,0.0,,6.1,9.4,.650,.650,1.2,2.7,.433,2.9,9.5,12.5,1.1,0.9,2.2,1.3,2.7,13.4,
DeMarre Carroll,SF,33,SAS,4,0,9.8,1.0,2.5,.400,0.5,1.3,.400,0.5,1.3,.400,.500,0.5,0.5,1.000,0.8,1.5,2.3,0.8,0.0,0.3,0.3,1.3,3.0,
Jevon Carter,PG,24,PHO,9,1,17.0,1.7,4.3,.385,1.1,2.9,.385,0.6,1.4,.385,.513,0.4,0.4,1.000,0.2,1.8,2.0,2.1,1.0,0.3,1.4,2.0,4.9,
Vince Carter,SF,43,ATL,8,0,14.5,2.0,5.0,.400,0.5,3.0,.167,1.5,2.0,.750,.450,0.6,0.8,.833,0.1,2.0,2.1,0.5,0.5,0.1,0.4,1.4,5.1,
Wendell Carter,C,20,CHI,11,11,27.6,5.2,8.8,.588,0.1,0.8,.111,5.1,8.0,.636,.593,2.7,4.3,.638,3.1,6.6,9.7,0.7,0.3,1.1,1.3,4.0,13.2,
Michael Carter-Williams,PG,28,ORL,8,0,16.8,1.6,5.3,.310,0.4,1.8,.214,1.3,3.5,.357,.345,1.9,2.4,.789,1.4,2.4,3.8,1.6,1.0,0.6,1.0,1.6,5.5,
Alex Caruso,SG,25,LAL,10,0,19.4,1.7,4.6,.370,0.4,1.6,.250,1.3,3.0,.433,.413,0.4,0.6,.667,0.1,2.0,2.1,2.3,1.1,0.5,1.3,1.0,4.2,
Willie Cauley-Stein,C,26,GSW,9,8,20.3,3.7,6.4,.569,0.0,0.0,,3.7,6.4,.569,.569,0.7,0.9,.750,1.3,4.8,6.1,1.3,0.8,1.2,0.8,3.2,8.0,
Tyson Chandler,C,37,HOU,10,0,7.7,0.9,1.0,.900,0.0,0.0,,0.9,1.0,.900,.900,0.3,0.5,.600,0.7,2.2,2.9,0.2,0.3,0.4,0.1,1.3,2.1,
Chris Chiozza,PG,24,WAS,2,0,17.5,1.0,4.5,.222,1.0,2.0,.500,0.0,2.5,.000,.333,0.0,0.0,,0.0,2.0,2.0,3.5,1.0,1.0,1.5,3.0,3.0,
Marquese Chriss,PF,22,GSW,11,1,15.5,2.1,4.5,.460,0.2,0.6,.286,1.9,3.9,.488,.480,1.5,1.6,.889,1.3,3.3,4.5,1.7,0.6,0.6,1.5,2.0,5.8,
Brandon Clarke,PF,23,MEM,10,1,22.0,5.1,8.4,.607,0.6,1.4,.429,4.5,7.0,.643,.643,1.1,1.2,.917,1.6,4.9,6.5,1.1,0.6,1.3,1.2,1.8,11.9,
Jordan Clarkson,SG,27,CLE,10,0,23.0,5.1,11.9,.429,1.5,5.1,.294,3.6,6.8,.529,.492,3.5,3.9,.897,0.4,1.7,2.1,2.2,0.9,0.4,1.2,1.1,15.2,
Nicolas Claxton,PF,20,BRK,3,0,12.0,1.7,3.0,.556,0.0,0.3,.000,1.7,2.7,.625,.556,0.7,1.7,.400,2.0,1.3,3.3,1.3,0.3,0.0,0.0,1.3,4.0,
Chris Clemons,PG,22,HOU,5,0,8.4,1.2,3.2,.375,1.0,3.0,.333,0.2,0.2,1.000,.531,0.4,0.4,1.000,0.4,0.2,0.6,0.4,0.0,0.2,0.6,1.2,3.8,
John Collins,PF,22,ATL,5,5,32.2,6.4,12.2,.525,1.8,3.8,.474,4.6,8.4,.548,.598,2.4,3.4,.706,2.0,6.8,8.8,1.6,1.0,2.0,1.4,3.4,17.0,
Zach Collins,PF,22,POR,3,3,28.7,3.0,6.3,.474,1.0,2.3,.429,2.0,4.0,.500,.553,2.0,2.0,1.000,1.3,2.7,4.0,2.0,0.0,0.7,2.0,3.7,9.0,
Mike Conley,PG,32,UTA,11,11,30.0,4.7,12.8,.369,2.0,5.8,.344,2.7,7.0,.390,.447,3.3,4.2,.783,0.5,2.1,2.6,4.0,0.8,0.2,2.7,2.4,14.7,
Pat Connaughton,SG,27,MIL,8,0,16.4,2.0,5.3,.381,1.0,3.5,.286,1.0,1.8,.571,.476,0.1,0.1,1.000,0.1,3.0,3.1,1.5,0.3,0.4,0.4,1.1,5.1,
Quinn Cook,PG,26,LAL,11,0,16.3,2.5,6.0,.424,0.7,2.2,.333,1.8,3.8,.476,.485,0.2,0.3,.667,0.3,1.0,1.3,2.3,0.4,0.1,0.8,0.7,6.0,
Tyler Cook,PF,22,CLE,4,0,2.5,0.8,1.0,.750,0.0,0.0,,0.8,1.0,.750,.750,0.0,0.0,,0.5,0.3,0.8,0.0,0.3,0.0,0.0,0.0,1.5,
Robert Covington,PF,29,MIN,11,11,26.0,4.0,9.5,.423,1.9,5.8,.328,2.1,3.6,.575,.524,1.9,2.0,.955,1.0,4.6,5.6,0.8,1.5,1.1,1.7,2.9,11.8,
Torrey Craig,SF,29,DEN,10,2,16.1,1.0,3.3,.303,0.4,1.8,.222,0.6,1.5,.400,.364,0.4,0.6,.667,0.8,2.5,3.3,1.2,0.3,0.8,0.5,2.3,2.8,
Jae Crowder,SF,29,MEM,11,11,30.3,3.1,8.3,.374,1.9,6.2,.309,1.2,2.1,.565,.489,1.4,1.9,.714,0.8,4.5,5.4,2.8,1.2,0.5,1.5,2.3,9.5,
Jarrett Culver,SG,20,MIN,11,4,22.0,3.1,8.4,.370,0.9,3.5,.263,2.2,4.9,.444,.424,0.7,1.9,.381,0.7,2.1,2.8,2.2,0.7,0.3,1.4,2.4,7.8,
Seth Curry,SG,29,DAL,10,6,19.8,2.5,6.1,.410,1.4,3.8,.368,1.1,2.3,.478,.525,1.5,1.7,.882,0.3,0.9,1.2,1.3,0.7,0.2,0.9,1.9,7.9,
Stephen Curry,PG,31,GSW,4,4,28.0,6.8,16.5,.409,2.3,9.3,.243,4.5,7.3,.621,.477,4.5,4.5,1.000,1.0,4.0,5.0,6.5,1.3,0.5,3.8,2.5,20.3,
Troy Daniels,SG,28,LAL,9,0,15.2,1.9,5.4,.347,1.3,4.2,.316,0.6,1.2,.455,.469,0.3,0.3,1.000,0.1,1.4,1.6,0.7,0.3,0.1,0.3,0.4,5.4,
Anthony Davis,PF,26,LAL,10,10,35.3,9.3,19.1,.487,0.8,2.7,.296,8.5,16.4,.518,.508,6.9,7.8,.885,2.8,7.6,10.4,3.3,1.3,2.9,2.9,2.7,26.3,
Ed Davis,C,30,UTA,6,0,12.2,0.7,1.7,.400,0.0,0.0,,0.7,1.7,.400,.400,0.3,0.7,.500,1.5,3.7,5.2,0.2,0.2,0.5,0.8,2.3,1.7,
Terence Davis,SG,22,TOR,11,0,12.3,1.5,3.3,.444,0.8,1.8,.450,0.6,1.5,.438,.569,0.5,0.5,1.000,0.4,2.0,2.4,1.1,0.5,0.2,0.5,1.6,4.3,
Dewayne Dedmon,C,30,SAC,10,4,16.2,1.7,5.1,.333,0.5,2.4,.208,1.2,2.7,.444,.382,0.9,0.9,1.000,2.0,2.8,4.8,0.5,0.3,0.7,1.8,2.6,4.8,
Matthew Dellavedova,PG,29,CLE,8,0,14.9,1.3,3.9,.323,0.1,2.1,.059,1.1,1.8,.643,.339,0.5,0.6,.800,0.4,1.4,1.8,1.9,0.5,0.1,0.9,1.9,3.1,
DeMar DeRozan,SG,30,SAS,11,11,33.3,7.9,15.5,.512,0.0,0.4,.000,7.9,15.1,.524,.512,4.3,5.5,.770,0.5,4.5,4.9,4.8,0.9,0.6,3.2,2.4,20.1,
Cheick Diallo,C,23,PHO,5,0,2.4,0.6,0.6,1.000,0.0,0.0,,0.6,0.6,1.000,1.000,0.6,0.8,.750,0.0,0.2,0.2,0.2,0.0,0.0,0.4,0.6,1.8,
Hamidou Diallo,SG,21,OKC,11,1,22.0,3.8,7.6,.500,0.2,1.2,.154,3.6,6.5,.563,.512,1.0,1.6,.611,1.3,2.7,4.0,0.8,1.5,0.4,1.3,2.4,8.8,
Gorgui Dieng,C,30,MIN,8,2,11.6,2.1,5.0,.425,0.3,1.6,.154,1.9,3.4,.556,.450,1.0,1.3,.800,1.1,2.9,4.0,1.1,0.8,0.9,0.8,0.8,5.5,
Spencer Dinwiddie,SG,26,BRK,10,0,25.2,5.5,13.0,.423,1.7,5.4,.315,3.8,7.6,.500,.488,4.4,5.5,.800,0.3,2.1,2.4,4.7,0.6,0.3,2.6,3.4,17.1,
Donte DiVincenzo,SG,23,MIL,7,0,13.9,2.1,5.6,.385,1.3,2.9,.450,0.9,2.7,.316,.500,0.3,0.6,.500,0.7,2.1,2.9,1.0,1.1,0.3,1.0,1.7,5.9,
Luka Dončić,PG,20,DAL,10,10,34.8,9.5,19.6,.485,2.8,8.8,.318,6.7,10.8,.620,.556,6.5,7.7,.844,1.6,8.7,10.3,9.1,1.1,0.1,4.5,2.5,28.3,
Damyean Dotson,SG,25,NYK,7,0,9.3,1.3,3.1,.409,0.7,1.7,.417,0.6,1.4,.400,.523,0.3,0.4,.667,0.3,0.9,1.1,0.4,0.1,0.1,0.4,0.7,3.6,
Goran Dragić,PG,33,MIA,10,0,28.7,5.4,11.4,.474,2.7,6.1,.443,2.7,5.3,.509,.592,3.3,4.6,.717,0.2,3.2,3.4,4.9,0.5,0.3,2.4,1.7,16.8,
Andre Drummond,C,26,DET,12,12,34.5,8.2,14.7,.557,0.0,0.7,.000,8.2,14.0,.583,.557,3.6,5.2,.694,4.8,12.0,16.8,3.1,1.8,2.2,4.0,4.3,19.9,
Jared Dudley,SF,34,LAL,7,0,8.3,0.6,0.9,.667,0.6,0.6,1.000,0.0,0.3,.000,1.000,0.0,0.0,,0.0,0.7,0.7,0.7,0.1,0.1,0.1,0.9,1.7,
Kris Dunn,PG,25,CHI,11,0,20.4,3.0,6.4,.471,0.3,1.5,.176,2.7,4.8,.566,.493,0.5,0.8,.667,0.5,2.2,2.7,2.7,2.3,0.3,0.8,3.2,6.8,
Carsen Edwards,PG,21,BOS,9,0,11.9,1.9,4.9,.386,1.0,2.8,.360,0.9,2.1,.421,.489,0.8,1.0,.778,0.3,1.6,1.9,1.1,0.3,0.2,0.3,1.1,5.6,
Wayne Ellington,SG,32,NYK,8,1,17.1,1.8,5.6,.311,1.4,5.0,.275,0.4,0.6,.600,.433,0.0,0.1,.000,0.0,1.9,1.9,1.1,0.3,0.1,1.0,1.1,4.9,
Joel Embiid,C,25,PHI,7,7,28.7,7.3,15.7,.464,1.4,3.7,.385,5.9,12.0,.488,.509,7.0,8.4,.831,3.0,9.4,12.4,3.1,1.0,1.7,3.3,3.9,23.0,
James Ennis,SF,29,PHI,11,0,15.3,2.3,4.4,.521,0.4,1.4,.267,1.9,3.0,.636,.563,1.4,1.8,.750,1.4,2.5,3.9,0.6,0.5,0.1,0.8,1.8,6.3,
Drew Eubanks,PF,22,SAS,1,0,2.0,0.0,2.0,.000,0.0,0.0,,0.0,2.0,.000,.000,0.0,0.0,,2.0,1.0,3.0,0.0,0.0,0.0,1.0,1.0,0.0,
Jacob Evans,SG,22,GSW,3,0,14.3,1.7,4.0,.417,1.3,2.7,.500,0.3,1.3,.250,.583,1.3,1.3,1.000,0.3,1.3,1.7,0.7,0.0,0.0,0.3,0.7,6.0,
Tacko Fall,C,24,BOS,1,0,4.0,2.0,4.0,.500,0.0,0.0,,2.0,4.0,.500,.500,0.0,0.0,,0.0,3.0,3.0,0.0,0.0,0.0,1.0,2.0,4.0,
Derrick Favors,C,28,NOP,7,5,20.9,3.7,6.3,.591,0.0,0.1,.000,3.7,6.1,.605,.591,0.1,0.4,.333,3.1,4.9,8.0,2.0,0.7,0.4,1.7,2.4,7.6,
Terrance Ferguson,SG,21,OKC,10,10,22.3,1.5,3.4,.441,0.8,2.1,.381,0.7,1.3,.538,.559,0.3,0.3,1.000,0.6,1.3,1.9,1.0,0.3,0.4,0.6,2.8,4.1,
Bruno Fernando,C,21,ATL,10,0,11.3,1.9,3.2,.594,0.2,0.7,.286,1.7,2.5,.680,.625,0.5,1.1,.455,0.9,1.8,2.7,0.9,0.3,0.4,0.9,1.2,4.5,
Yogi Ferrell,PG,26,SAC,6,0,7.0,1.2,2.3,.500,0.3,0.8,.400,0.8,1.5,.556,.571,0.8,1.0,.833,0.0,1.0,1.0,1.0,0.2,0.2,0.3,0.7,3.5,
Dorian Finney-Smith,PF,26,DAL,10,7,26.1,2.9,6.5,.446,1.0,3.5,.286,1.9,3.0,.633,.523,1.1,1.7,.647,2.1,3.4,5.5,0.7,0.7,0.2,1.3,1.8,7.9,
Bryn Forbes,SG,26,SAS,11,11,27.1,4.9,11.8,.415,2.7,7.4,.370,2.2,4.5,.490,.531,1.7,1.9,.905,0.5,2.5,3.0,1.4,0.4,0.0,0.8,2.0,14.3,
Evan Fournier,SG,27,ORL,11,11,28.5,5.5,11.8,.469,1.9,5.0,.382,3.6,6.8,.533,.550,2.3,2.6,.862,0.1,3.2,3.3,3.1,0.6,0.3,1.9,2.4,15.3,
De'Aaron Fox,PG,22,SAC,9,9,32.0,6.1,14.2,.430,1.1,3.3,.333,5.0,10.9,.459,.469,4.9,6.9,.710,0.6,3.4,4.0,7.0,0.8,0.6,4.1,3.0,18.2,
Melvin Frazier,SG,23,ORL,1,0,6.0,1.0,5.0,.200,0.0,1.0,.000,1.0,4.0,.250,.200,0.0,0.0,,1.0,0.0,1.0,0.0,0.0,0.0,0.0,0.0,2.0,
Tim Frazier,PG,29,DET,8,4,14.5,1.0,4.6,.216,0.4,1.6,.231,0.6,3.0,.208,.257,1.1,1.5,.750,0.4,0.6,1.0,3.6,1.0,0.1,1.3,2.0,3.5,
Markelle Fultz,SG,21,ORL,11,6,23.3,3.9,8.5,.462,0.4,2.2,.167,3.5,6.3,.565,.484,1.4,1.8,.750,0.6,1.5,2.2,3.1,1.3,0.2,1.5,2.2,9.5,
Wenyen Gabriel,PF,22,SAC,5,0,6.8,0.6,2.4,.250,0.2,1.2,.167,0.4,1.2,.333,.292,0.8,1.4,.571,0.6,0.6,1.2,0.6,0.2,0.2,0.6,0.8,2.2,
Daniel Gafford,PF,21,CHI,4,0,3.0,0.0,0.0,,0.0,0.0,,0.0,0.0,,,0.0,0.0,,0.0,0.3,0.3,0.0,0.0,0.0,0.0,0.5,0.0,
Danilo Gallinari,PF,31,OKC,11,11,28.9,5.5,12.5,.435,2.8,6.7,.419,2.6,5.8,.453,.547,4.5,4.8,.925,0.5,4.5,4.9,1.5,0.8,0.1,1.0,1.6,18.2,
Langston Galloway,SG,28,DET,12,0,24.6,3.4,8.2,.418,1.9,4.5,.426,1.5,3.7,.409,.536,2.8,3.1,.919,0.3,1.8,2.2,1.8,0.6,0.5,0.8,1.5,11.6,
Darius Garland,PG,20,CLE,10,10,28.3,3.3,10.1,.327,0.8,3.2,.250,2.5,6.9,.362,.366,1.2,1.4,.857,0.3,1.5,1.8,3.7,1.1,0.0,2.3,1.2,8.6,
Marc Gasol,C,35,TOR,11,11,28.2,2.3,6.6,.342,1.3,3.1,.412,1.0,3.5,.282,.438,0.9,1.1,.833,0.7,5.9,6.6,2.5,0.3,0.8,1.9,3.3,6.7,
Rudy Gay,PF,33,SAS,11,0,22.5,3.9,8.3,.473,0.9,3.2,.286,3.0,5.1,.589,.527,2.0,2.4,.846,1.9,5.2,7.1,2.3,0.3,0.5,1.4,1.6,10.7,
Taj Gibson,C,34,NYK,9,3,15.8,2.4,4.3,.564,0.0,0.3,.000,2.4,4.0,.611,.564,0.6,0.8,.714,1.4,2.1,3.6,1.3,0.7,0.1,0.9,2.3,5.4,
Harry Giles,PF,21,SAC,2,0,7.0,1.0,2.5,.400,0.0,0.0,,1.0,2.5,.400,.400,1.0,1.0,1.000,0.0,1.5,1.5,0.0,0.0,0.5,0.5,2.0,3.0,
Shai Gilgeous-Alexander,SG,21,OKC,11,11,34.6,7.5,16.4,.461,1.7,4.3,.404,5.8,12.1,.481,.514,3.3,4.4,.750,1.1,4.7,5.8,3.1,0.7,0.6,2.0,1.4,20.1,
Rudy Gobert,C,27,UTA,11,11,34.5,4.5,6.7,.676,0.0,0.0,,4.5,6.7,.676,.676,3.7,6.2,.603,2.4,10.9,13.3,1.1,1.2,1.3,2.3,3.5,12.8,
Aaron Gordon,PF,24,ORL,11,11,31.1,5.2,11.4,.456,1.2,3.7,.317,4.0,7.6,.524,.508,2.5,3.4,.730,1.7,4.5,6.2,3.1,0.8,0.5,1.5,2.7,14.0,
Eric Gordon,SG,31,HOU,9,2,29.4,3.8,12.2,.309,2.3,8.2,.284,1.4,4.0,.361,.405,1.0,1.6,.643,0.3,1.6,1.9,0.8,0.6,0.2,1.3,2.3,10.9,
Devonte' Graham,PG,24,CHO,11,1,31.5,5.4,13.3,.404,3.2,7.5,.422,2.2,5.7,.381,.524,4.1,5.2,.789,0.7,2.6,3.4,7.3,0.8,0.2,2.8,1.8,18.0,
Treveon Graham,SG,26,MIN,11,10,26.0,2.6,7.3,.363,0.5,2.8,.194,2.1,4.5,.469,.400,1.1,1.3,.857,1.2,2.5,3.6,1.7,1.0,0.1,0.6,2.2,6.9,
Jerami Grant,PF,25,DEN,10,0,21.9,3.3,7.7,.429,0.8,3.2,.250,2.5,4.5,.556,.481,1.2,1.8,.667,0.6,2.0,2.6,1.1,0.4,0.5,1.0,2.1,8.6,
Danny Green,SG,32,LAL,11,11,25.8,3.2,7.1,.449,2.1,4.7,.442,1.1,2.4,.462,.596,0.5,0.7,.625,0.5,2.2,2.6,1.3,1.3,0.4,1.1,2.9,8.9,
Draymond Green,PF,29,GSW,7,7,27.9,3.4,8.4,.407,0.9,3.0,.286,2.6,5.4,.474,.458,1.0,1.4,.700,0.6,6.1,6.7,5.0,1.1,0.1,1.6,2.3,8.7,
JaMychal Green,PF,29,LAC,11,0,22.7,3.1,7.3,.425,2.1,4.8,.434,1.0,2.5,.407,.569,1.3,1.5,.824,1.5,5.5,7.0,0.3,0.4,0.4,1.0,2.7,9.5,
Javonte Green,SG,26,BOS,8,0,6.9,1.6,3.0,.542,0.1,0.8,.167,1.5,2.3,.667,.563,0.3,0.6,.400,0.1,0.8,0.9,0.3,0.3,0.0,0.0,1.0,3.6,
Jeff Green,PF,33,UTA,11,1,19.0,2.2,6.1,.358,1.5,3.7,.390,0.7,2.4,.308,.478,1.0,1.5,.688,0.3,2.1,2.4,0.5,0.5,0.5,1.1,1.7,6.8,
Blake Griffin,PF,30,DET,1,1,24.0,6.0,12.0,.500,1.0,3.0,.333,5.0,9.0,.556,.542,6.0,8.0,.750,0.0,7.0,7.0,6.0,0.0,0.0,4.0,1.0,19.0,
Marko Guduric,SG,24,MEM,11,0,18.2,2.5,5.5,.459,0.9,2.5,.370,1.6,3.1,.529,.541,0.6,0.6,1.000,0.6,2.0,2.6,1.9,0.4,0.3,1.2,0.8,6.6,
Rui Hachimura,SF,21,WAS,9,9,28.0,6.4,12.4,.518,0.4,1.9,.235,6.0,10.6,.568,.536,1.1,1.3,.833,2.3,3.6,5.9,1.6,0.7,0.1,1.0,2.1,14.4,
Devon Hall,SG,24,OKC,1,0,7.0,1.0,1.0,1.000,0.0,0.0,,1.0,1.0,1.000,1.000,0.0,0.0,,0.0,0.0,0.0,0.0,0.0,0.0,1.0,1.0,2.0,
Tim Hardaway,SG,27,DAL,10,0,23.0,3.9,10.5,.371,2.1,6.4,.328,1.8,4.1,.439,.471,1.7,2.2,.773,0.3,2.0,2.3,1.4,0.1,0.1,0.4,2.2,11.6,
James Harden,SG,30,HOU,11,11,36.5,10.1,24.5,.413,4.5,14.0,.318,5.6,10.5,.539,.504,13.5,15.3,.887,1.0,4.5,5.5,8.2,1.5,0.6,5.8,2.8,38.2,
Maurice Harkless,PF,26,LAC,11,1,21.5,2.5,4.9,.519,0.4,1.3,.286,2.2,3.6,.600,.556,0.5,0.9,.600,0.7,2.2,2.9,1.0,1.0,0.5,0.9,3.6,6.0,
Jared Harper,PG,22,PHO,1,0,2.0,0.0,1.0,.000,0.0,1.0,.000,0.0,0.0,,.000,0.0,0.0,,0.0,0.0,0.0,0.0,0.0,0.0,0.0,0.0,0.0,
Montrezl Harrell,C,26,LAC,11,1,30.2,7.5,12.3,.607,0.0,0.3,.000,7.5,12.0,.621,.607,3.5,5.5,.633,2.5,4.7,7.3,2.2,0.8,1.2,2.0,2.6,18.4,
Gary Harris,SG,25,DEN,10,10,32.2,4.2,10.7,.393,1.5,4.4,.341,2.7,6.3,.429,.463,1.1,1.5,.733,0.6,2.8,3.4,1.7,1.4,0.2,1.1,2.5,11.0,
Joe Harris,SG,28,BRK,10,10,32.3,5.0,10.0,.500,2.8,5.7,.491,2.2,4.3,.512,.640,0.6,0.9,.667,1.1,2.9,4.0,1.5,0.7,0.2,1.8,2.8,13.4,
Tobias Harris,SF,27,PHI,11,11,34.5,6.5,14.2,.462,0.9,4.5,.204,5.6,9.7,.579,.494,2.5,3.2,.771,1.0,7.4,8.4,3.5,1.3,0.6,2.3,3.4,16.5,
Shaquille Harrison,PG,26,CHI,6,0,3.8,0.5,1.8,.273,0.0,0.2,.000,0.5,1.7,.300,.273,0.7,1.0,.667,0.0,1.2,1.2,0.3,0.0,0.2,0.0,0.7,1.7,
Josh Hart,SF,24,NOP,10,4,27.7,4.3,9.3,.462,2.2,5.7,.386,2.1,3.6,.583,.581,1.8,2.2,.818,1.3,5.3,6.6,1.4,1.4,0.4,1.4,2.9,12.6,
Udonis Haslem,PF,39,MIA,1,0,5.0,1.0,1.0,1.000,0.0,0.0,,1.0,1.0,1.000,1.000,0.0,0.0,,0.0,2.0,2.0,0.0,0.0,0.0,0.0,2.0,2.0,
Jaxson Hayes,C,19,NOP,7,0,14.0,2.7,4.0,.679,0.0,0.3,.000,2.7,3.7,.731,.679,1.1,2.1,.533,1.3,1.9,3.1,0.7,0.6,0.6,0.6,3.0,6.6,
Gordon Hayward,SF,29,BOS,8,8,31.1,7.6,13.8,.555,1.6,3.8,.433,6.0,10.0,.600,.614,2.0,2.4,.842,0.8,6.4,7.1,4.1,0.8,0.3,1.9,1.9,18.9,
John Henson,PF,29,CLE,1,0,8.0,1.0,2.0,.500,0.0,1.0,.000,1.0,1.0,1.000,.500,1.0,6.0,.167,2.0,1.0,3.0,0.0,2.0,2.0,1.0,0.0,3.0,
Juan Hernangómez,PF,24,DEN,3,0,6.3,0.3,1.7,.200,0.3,1.3,.250,0.0,0.3,.000,.300,0.0,0.0,,0.0,0.3,0.3,0.0,0.0,0.3,0.0,0.0,1.0,
Willy Hernangómez,C,25,CHO,3,0,9.3,1.7,3.3,.500,0.3,0.7,.500,1.3,2.7,.500,.550,0.0,0.0,,1.3,0.7,2.0,0.3,0.3,0.7,0.7,0.3,3.7,
Tyler Herro,SG,20,MIA,9,3,29.2,4.6,10.9,.418,1.8,4.8,.372,2.8,6.1,.455,.500,2.2,2.7,.833,0.2,4.6,4.8,2.2,0.9,0.0,1.8,1.3,13.1,
Mario Hezonja,SF,24,POR,12,4,22.3,1.8,5.8,.319,0.7,2.1,.320,1.2,3.7,.318,.377,1.2,1.4,.824,0.9,4.9,5.8,1.1,0.9,0.2,1.1,2.6,5.5,
Buddy Hield,SG,27,SAC,10,10,30.9,6.8,16.5,.412,3.4,9.0,.378,3.4,7.5,.453,.515,1.3,1.5,.867,0.8,3.5,4.3,1.5,0.6,0.5,2.8,2.5,18.3,
George Hill,PG,33,MIL,10,0,22.9,3.7,6.6,.561,1.5,2.6,.577,2.2,4.0,.550,.674,1.2,1.7,.706,1.3,1.8,3.1,2.9,0.9,0.1,0.5,1.8,10.1,
Solomon Hill,SF,28,MEM,9,0,17.3,2.2,4.9,.455,1.3,2.9,.462,0.9,2.0,.444,.591,0.8,1.3,.583,0.4,2.4,2.9,1.7,0.8,0.1,1.0,1.7,6.6,
Jaylen Hoard,SF,20,POR,1,0,0.0,0.0,0.0,,0.0,0.0,,0.0,0.0,,,0.0,0.0,,0.0,1.0,1.0,0.0,0.0,0.0,0.0,0.0,0.0,
Aaron Holiday,PG,23,IND,9,4,20.8,2.8,7.2,.385,1.4,3.2,.448,1.3,4.0,.333,.485,0.8,0.9,.875,0.3,2.0,2.3,2.7,0.9,0.1,1.0,1.7,7.8,
Jrue Holiday,SG,29,NOP,8,8,35.0,5.5,15.1,.364,1.3,5.4,.233,4.3,9.8,.436,.405,2.4,3.1,.760,0.8,4.6,5.4,7.3,1.9,0.8,2.9,2.5,14.6,
Justin Holiday,SG,30,IND,11,0,23.5,2.0,5.8,.344,1.2,3.8,.310,0.8,2.0,.409,.445,0.8,1.1,.750,0.5,3.5,3.9,1.3,0.6,0.8,0.6,2.0,6.0,
Rondae Hollis-Jefferson,SF,25,TOR,4,0,18.5,3.5,6.3,.560,0.0,0.0,,3.5,6.3,.560,.560,2.0,2.5,.800,2.8,3.0,5.8,1.0,1.0,0.5,1.5,2.5,9.0,
Richaun Holmes,C,26,SAC,10,6,25.7,4.5,6.9,.652,0.0,0.0,,4.5,6.9,.652,.652,1.1,1.6,.688,2.5,4.8,7.3,0.9,0.7,1.4,1.0,3.8,10.1,
Rodney Hood,SF,27,POR,10,10,29.6,4.3,8.6,.500,2.0,4.1,.488,2.3,4.5,.511,.616,1.4,1.7,.824,0.7,3.0,3.7,0.6,0.8,0.4,1.1,2.4,12.0,
Al Horford,PF,33,PHI,10,10,31.6,6.3,14.4,.438,1.6,5.0,.320,4.7,9.4,.500,.493,1.5,2.4,.625,2.1,5.4,7.5,3.8,1.0,1.0,1.3,3.1,15.7,
Danuel House,SF,26,HOU,10,9,29.2,3.8,8.0,.475,2.5,5.5,.455,1.3,2.5,.520,.631,1.7,2.1,.810,0.7,4.2,4.9,0.7,1.2,1.0,1.0,2.0,11.8,
Dwight Howard,C,34,LAL,11,0,20.4,3.4,4.5,.755,0.0,0.0,,3.4,4.5,.755,.755,1.0,1.9,.524,2.2,5.5,7.6,1.2,0.5,1.5,1.2,4.2,7.7,
Kevin Huerter,SG,21,ATL,10,3,22.5,3.2,7.5,.427,1.7,4.4,.386,1.5,3.1,.484,.540,1.2,1.5,.800,0.6,2.9,3.5,2.8,0.6,0.3,1.7,2.1,9.3,
De'Andre Hunter,SF,22,ATL,10,10,29.8,3.3,8.8,.375,1.2,3.8,.316,2.1,5.0,.420,.443,1.4,1.9,.737,0.5,4.0,4.5,1.5,0.4,0.3,1.4,2.2,9.2,
Chandler Hutchison,SF,23,CHI,4,2,19.5,3.0,5.5,.545,0.8,1.3,.600,2.3,4.3,.529,.614,1.8,3.5,.500,0.3,3.3,3.5,0.5,0.5,0.5,1.3,2.8,8.5,
Serge Ibaka,C,30,TOR,8,0,22.9,5.5,10.5,.524,0.6,2.0,.313,4.9,8.5,.574,.554,2.4,2.9,.826,0.9,5.6,6.5,0.8,0.6,1.3,2.1,2.4,14.0,
Ersan İlyasova,PF,32,MIL,10,0,16.8,2.1,5.2,.404,0.8,3.0,.267,1.3,2.2,.591,.481,1.0,1.2,.833,1.1,4.2,5.3,0.5,0.5,0.5,0.5,2.3,6.0,
Joe Ingles,SF,32,UTA,11,1,28.2,2.3,6.7,.338,1.3,4.5,.280,1.0,2.2,.458,.432,1.1,1.3,.857,0.2,3.8,4.0,3.5,0.7,0.2,1.4,2.5,6.9,
Brandon Ingram,PF,22,NOP,9,9,32.1,9.7,18.0,.537,2.6,5.4,.469,7.1,12.6,.566,.608,4.0,5.6,.720,1.1,6.2,7.3,3.9,0.8,0.9,3.1,3.0,25.9,
Kyrie Irving,PG,27,BRK,10,10,33.7,10.4,23.2,.448,3.0,8.6,.349,7.4,14.6,.507,.513,5.9,6.3,.937,0.9,4.4,5.3,7.0,1.1,0.6,2.6,2.8,29.7,
Jonathan Isaac,SF,22,ORL,11,11,30.6,4.5,9.0,.495,1.3,3.5,.359,3.2,5.5,.583,.566,1.9,2.1,.913,1.2,5.4,6.5,1.6,1.3,2.8,1.6,2.2,12.1,
Wesley Iwundu,SF,25,ORL,3,0,9.3,0.3,3.7,.091,0.0,1.7,.000,0.3,2.0,.167,.091,0.7,1.3,.500,0.3,2.3,2.7,0.3,0.0,0.0,0.7,0.3,1.3,
Frank Jackson,PG,21,NOP,10,0,18.1,3.6,8.7,.414,1.2,3.8,.316,2.4,4.9,.490,.483,1.6,2.0,.800,0.3,0.8,1.1,1.5,0.8,0.1,1.5,2.0,10.0,
Jaren Jackson,C,20,MEM,10,10,26.7,5.4,11.2,.482,1.5,4.0,.375,3.9,7.2,.542,.549,2.0,2.5,.800,1.4,3.8,5.2,1.5,0.5,1.1,2.3,3.8,14.3,
Justin Jackson,SF,24,DAL,10,0,13.4,2.3,4.6,.500,1.0,2.2,.455,1.3,2.4,.542,.609,0.8,1.0,.800,0.6,1.9,2.5,0.3,0.1,0.0,0.4,0.9,6.4,
Reggie Jackson,PG,29,DET,2,2,18.0,2.0,5.5,.364,0.5,2.5,.200,1.5,3.0,.500,.409,0.5,0.5,1.000,0.5,2.0,2.5,4.0,0.0,0.0,0.5,1.0,5.0,
Justin James,SG,23,SAC,3,0,4.0,1.0,2.3,.429,0.0,0.7,.000,1.0,1.7,.600,.429,0.3,1.3,.250,0.0,0.7,0.7,0.3,0.3,0.3,0.0,0.0,2.3,
LeBron James,SF,35,LAL,11,11,34.5,9.0,18.9,.476,1.5,5.1,.304,7.5,13.8,.539,.517,4.4,6.4,.686,1.0,7.0,8.0,11.1,1.1,0.6,3.4,1.5,23.9,
Amile Jefferson,PF,26,ORL,2,0,4.5,1.5,1.5,1.000,0.0,0.0,,1.5,1.5,1.000,1.000,0.0,0.0,,1.0,0.5,1.5,1.0,0.0,0.0,0.5,0.0,3.0,
Alize Johnson,PF,23,IND,3,0,8.0,0.7,1.3,.500,0.0,0.0,,0.7,1.3,.500,.500,0.3,0.3,1.000,1.0,1.0,2.0,0.3,0.0,0.0,0.0,1.0,1.7,
Cameron Johnson,SF,23,PHO,8,0,16.1,2.6,5.8,.457,1.5,3.8,.400,1.1,2.0,.563,.587,0.6,0.8,.833,0.6,2.1,2.8,0.6,0.4,0.3,0.6,1.9,7.4,
James Johnson,PF,32,MIA,4,0,14.3,2.0,4.3,.471,0.5,2.0,.250,1.5,2.3,.667,.529,0.5,1.0,.500,0.5,2.0,2.5,1.0,0.8,0.5,0.8,1.0,5.0,
Stanley Johnson,SF,23,TOR,5,0,3.8,0.6,1.8,.333,0.2,0.8,.250,0.4,1.0,.400,.389,0.0,0.0,,0.4,1.0,1.4,0.0,0.2,0.0,0.8,1.2,1.4,
Tyler Johnson,PG,27,PHO,10,0,18.5,2.9,6.7,.433,1.3,3.3,.394,1.6,3.4,.471,.530,0.8,1.0,.800,0.1,1.2,1.3,1.7,0.2,0.1,0.9,1.5,7.9,
Nikola Jokić,C,24,DEN,10,10,31.2,6.6,15.1,.437,1.1,4.9,.224,5.5,10.2,.539,.474,2.7,3.6,.750,1.8,7.2,9.0,6.1,1.4,0.7,2.5,3.4,17.0,
Damian Jones,C,24,ATL,9,1,14.7,2.2,3.2,.690,0.1,0.2,.500,2.1,3.0,.704,.707,0.3,0.7,.500,1.0,1.7,2.7,0.6,0.4,0.6,0.3,2.4,4.9,
Derrick Jones,SF,22,MIA,4,0,14.3,3.0,5.0,.600,0.3,1.0,.250,2.8,4.0,.688,.625,0.8,0.8,1.000,0.8,1.3,2.0,0.5,0.8,0.0,0.5,2.8,7.0,
Tyus Jones,PG,23,MEM,11,1,21.7,3.0,7.4,.407,0.4,2.1,.174,2.6,5.3,.500,.432,1.2,1.7,.684,0.0,1.3,1.3,5.0,1.1,0.0,1.6,1.4,7.5,
DeAndre Jordan,C,31,BRK,9,3,22.4,3.6,5.4,.653,0.0,0.0,,3.6,5.4,.653,.653,1.1,2.1,.526,2.4,8.0,10.4,2.0,0.6,1.2,1.3,2.4,8.2,
Cory Joseph,PG,28,SAC,10,1,19.3,2.4,5.9,.407,0.4,1.4,.286,2.0,4.5,.444,.441,0.9,0.9,1.000,0.8,1.5,2.3,2.3,0.4,0.6,1.4,2.0,6.1,
Mfiondu Kabengele,C,22,LAC,3,0,2.3,0.3,0.7,.500,0.3,0.7,.500,0.0,0.0,,.750,0.0,0.0,,0.0,0.3,0.3,0.0,0.0,0.3,0.0,0.3,1.0,
Frank Kaminsky,C,26,PHO,10,0,24.2,3.2,8.3,.386,0.7,3.5,.200,2.5,4.8,.521,.428,2.7,3.8,.711,0.7,5.3,6.0,2.4,0.3,0.4,1.5,2.2,9.8,
Enes Kanter,C,27,BOS,3,2,18.7,3.3,4.7,.714,0.0,0.3,.000,3.3,4.3,.769,.714,2.3,4.3,.538,2.7,3.3,6.0,1.3,0.3,0.0,0.3,1.7,9.0,
Luke Kennard,SG,23,DET,12,9,33.7,6.2,13.6,.454,3.0,7.3,.414,3.2,6.3,.500,.564,3.6,4.1,.878,0.3,3.4,3.8,4.2,0.4,0.0,1.6,2.2,18.9,
Stanton Kidd,SF,27,UTA,4,0,3.8,0.0,0.8,.000,0.0,0.3,.000,0.0,0.5,.000,.000,0.0,0.0,,0.0,0.8,0.8,0.3,0.0,0.0,0.5,0.8,0.0,
Michael Kidd-Gilchrist,SF,26,CHO,1,0,10.0,2.0,7.0,.286,1.0,1.0,1.000,1.0,6.0,.167,.357,0.0,0.0,,1.0,3.0,4.0,0.0,0.0,0.0,1.0,1.0,5.0,
Maxi Kleber,PF,28,DAL,9,4,27.6,3.4,7.6,.456,1.9,4.7,.405,1.6,2.9,.538,.581,1.4,1.7,.867,1.7,4.9,6.6,1.2,0.2,1.1,0.8,2.4,10.2,
Brandon Knight,PG,28,CLE,3,0,12.7,1.7,5.0,.333,1.7,4.3,.385,0.0,0.7,.000,.500,0.3,0.7,.500,0.0,1.0,1.0,2.3,0.3,0.0,1.0,2.0,5.3,
Kevin Knox,SF,20,NYK,11,0,23.6,3.3,7.8,.419,1.8,4.1,.444,1.5,3.7,.390,.535,1.9,2.9,.656,0.7,2.6,3.4,1.5,0.7,0.3,0.8,2.1,10.3,
John Konchar,SG,23,MEM,1,0,7.0,0.0,0.0,,0.0,0.0,,0.0,0.0,,,0.0,0.0,,0.0,0.0,0.0,0.0,0.0,0.0,0.0,0.0,0.0,
Furkan Korkmaz,SG,22,PHI,11,3,22.8,3.5,7.5,.458,2.0,4.9,.407,1.5,2.6,.552,.590,0.8,1.1,.750,0.2,2.1,2.3,0.8,0.2,0.4,0.8,1.6,9.7,
Luke Kornet,C,24,CHI,10,0,11.6,1.5,4.3,.349,0.5,2.3,.217,1.0,2.0,.500,.407,0.5,0.5,1.000,0.5,1.4,1.9,0.6,0.1,0.7,0.3,1.0,4.0,
Kyle Korver,SG,38,MIL,8,0,15.9,2.5,5.5,.455,2.1,4.4,.486,0.4,1.1,.333,.648,0.4,0.6,.600,0.5,1.3,1.8,0.1,0.3,0.1,0.9,1.1,7.5,
Rodions Kurucs,SF,21,BRK,8,0,11.5,0.9,2.3,.389,0.4,0.5,.750,0.5,1.8,.286,.472,0.3,0.8,.333,0.6,1.9,2.5,0.1,0.5,0.0,1.4,1.9,2.4,
Kyle Kuzma,PF,24,LAL,7,1,23.0,5.3,11.6,.457,1.7,6.0,.286,3.6,5.6,.641,.531,1.4,1.9,.769,0.6,3.6,4.1,0.6,0.1,0.1,1.9,2.1,13.7,
Skal Labissière,PF,23,POR,12,0,14.8,2.0,3.9,.511,0.0,0.1,.000,2.0,3.8,.522,.511,0.8,1.3,.625,2.0,2.4,4.4,1.0,0.2,0.9,1.3,2.6,4.8,
Jeremy Lamb,SG,27,IND,5,5,33.0,6.2,13.6,.456,1.2,4.2,.286,5.0,9.4,.532,.500,3.4,4.0,.850,1.0,5.4,6.4,2.2,1.4,0.8,1.2,2.8,17.0,
Romeo Langford,SG,20,BOS,1,0,0.0,0.0,0.0,,0.0,0.0,,0.0,0.0,,,0.0,0.0,,0.0,0.0,0.0,0.0,0.0,0.0,0.0,0.0,0.0,
Zach LaVine,SG,24,CHI,11,11,32.0,7.4,17.1,.431,2.4,6.5,.361,5.0,10.5,.474,.500,2.9,3.8,.762,1.2,3.0,4.2,4.2,1.3,0.5,3.4,2.6,20.0,
Jake Layman,PF,25,MIN,11,0,26.5,4.3,9.5,.448,1.5,4.1,.356,2.8,5.5,.517,.524,0.5,0.8,.667,0.9,1.9,2.8,0.7,1.0,0.7,1.2,2.4,10.5,
T.J. Leaf,PF,22,IND,9,1,12.4,1.7,4.3,.385,0.2,0.7,.333,1.4,3.7,.394,.410,0.3,0.4,.750,1.4,2.4,3.9,0.4,0.4,0.3,0.6,1.4,3.9,
Courtney Lee,SG,34,DAL,3,3,8.7,1.3,3.0,.444,0.0,1.0,.000,1.3,2.0,.667,.444,0.0,0.0,,0.0,0.3,0.3,0.0,0.0,0.0,0.0,0.7,2.7,
Damion Lee,SG,27,GSW,11,0,21.9,3.2,8.3,.385,1.1,3.2,.343,2.1,5.1,.411,.451,2.5,3.0,.848,0.8,3.1,3.9,1.8,0.7,0.0,1.2,1.6,10.0,
Alex Len,C,26,ATL,10,9,17.8,2.0,5.0,.400,0.3,1.9,.158,1.7,3.1,.548,.430,1.0,1.7,.588,1.2,3.5,4.7,0.9,0.3,1.5,1.0,2.2,5.3,
Kawhi Leonard,SF,28,LAC,9,9,32.4,9.4,21.4,.440,1.6,5.4,.286,7.9,16.0,.493,.477,6.3,7.4,.851,1.3,7.6,8.9,6.0,2.1,1.0,4.1,2.4,26.8,
Meyers Leonard,C,27,MIA,10,10,19.6,2.9,4.7,.617,1.1,1.7,.647,1.8,3.0,.600,.734,0.4,0.7,.571,0.4,3.6,4.0,0.8,0.5,0.6,1.1,2.8,7.3,
Caris LeVert,SG,25,BRK,9,9,31.6,6.6,15.6,.421,1.4,4.0,.361,5.1,11.6,.442,.468,2.2,3.4,.645,1.1,3.9,5.0,4.0,0.7,0.1,3.4,2.2,16.8,
Damian Lillard,PG,29,POR,12,12,38.4,9.8,20.4,.482,3.7,9.5,.386,6.2,10.9,.565,.571,7.2,7.8,.915,0.4,4.3,4.8,6.9,1.3,0.7,2.8,2.1,30.5,
Nassir Little,SF,19,POR,5,1,11.2,1.2,3.8,.316,0.2,1.2,.167,1.0,2.6,.385,.342,0.4,0.4,1.000,0.6,1.4,2.0,0.0,0.4,0.4,0.2,1.8,3.0,
Kevon Looney,C,23,GSW,1,1,10.0,1.0,4.0,.250,1.0,1.0,1.000,0.0,3.0,.000,.375,0.0,0.0,,5.0,4.0,9.0,1.0,0.0,0.0,1.0,3.0,3.0,
Brook Lopez,C,31,MIL,10,10,27.3,3.4,8.8,.386,1.6,5.4,.296,1.8,3.4,.529,.477,1.9,2.1,.905,0.5,3.8,4.3,1.6,0.6,2.2,1.2,2.7,10.3,
Robin Lopez,C,31,MIL,10,0,14.5,1.5,3.5,.429,0.3,1.6,.188,1.2,1.9,.632,.471,0.5,1.1,.455,0.4,1.7,2.1,0.6,0.2,0.5,1.0,1.6,3.8,
Kevin Love,PF,31,CLE,10,10,32.8,5.5,12.0,.458,2.0,5.9,.339,3.5,6.1,.574,.542,5.5,6.3,.873,1.1,11.8,12.9,3.4,0.7,0.5,3.1,1.7,18.5,
Kyle Lowry,PG,33,TOR,8,8,36.1,6.8,14.1,.478,3.6,8.5,.426,3.1,5.6,.556,.606,4.6,5.3,.881,0.3,4.0,4.3,6.5,1.1,0.4,3.4,2.9,21.8,
Trey Lyles,PF,24,SAS,11,11,20.3,1.8,3.7,.488,0.6,1.7,.368,1.2,2.0,.591,.573,0.4,0.6,.571,1.8,6.2,8.0,1.4,0.2,0.3,0.8,1.4,4.6,
Daryl Macon,SG,24,MIA,2,0,4.0,0.5,0.5,1.000,0.5,0.5,1.000,0.0,0.0,,1.500,0.0,0.0,,0.0,0.0,0.0,0.0,0.0,0.0,0.0,0.5,1.5,
Josh Magette,PG,30,ORL,1,0,6.0,2.0,4.0,.500,0.0,0.0,,2.0,4.0,.500,.500,0.0,0.0,,1.0,0.0,1.0,1.0,1.0,0.0,0.0,0.0,4.0,
Thon Maker,C,22,DET,12,0,14.5,1.3,2.5,.500,0.3,0.8,.400,0.9,1.7,.550,.567,1.0,1.7,.600,0.6,1.7,2.3,0.4,0.3,0.9,0.7,1.8,3.8,
Terance Mann,SG,23,LAC,7,0,2.3,0.4,0.6,.750,0.0,0.0,,0.4,0.6,.750,.750,0.0,0.0,,0.1,0.6,0.7,0.7,0.1,0.0,0.3,0.4,0.9,
Boban Marjanović,C,31,DAL,4,1,11.0,2.8,5.5,.500,0.0,0.0,,2.8,5.5,.500,.500,0.8,1.0,.750,1.8,3.3,5.0,0.8,0.3,0.3,1.3,1.5,6.3,
Lauri Markkanen,PF,22,CHI,11,11,30.3,4.6,12.0,.386,1.6,6.0,.273,3.0,6.0,.500,.455,3.8,4.6,.824,1.0,6.5,7.5,2.1,1.0,0.5,2.3,1.5,14.7,
Caleb Martin,SF,24,CHO,3,0,8.3,0.7,3.0,.222,0.0,1.0,.000,0.7,2.0,.333,.222,0.3,1.0,.333,0.0,1.3,1.3,1.0,0.3,0.7,1.0,0.7,1.7,
Cody Martin,SF,24,CHO,10,0,13.5,1.1,2.7,.407,0.1,1.1,.091,1.0,1.6,.625,.426,1.2,1.5,.800,0.4,2.2,2.6,1.0,0.8,0.1,0.3,1.4,3.5,
Kelan Martin,SF,24,MIN,1,0,5.0,0.0,3.0,.000,0.0,1.0,.000,0.0,2.0,.000,.000,0.0,0.0,,0.0,1.0,1.0,0.0,0.0,0.0,0.0,1.0,0.0,
Garrison Mathews,SG,23,WAS,2,0,7.0,0.0,1.0,.000,0.0,1.0,.000,0.0,0.0,,.000,0.0,0.0,,0.0,0.5,0.5,1.0,0.0,0.0,0.5,1.5,0.0,
Wesley Matthews,SG,33,MIL,10,10,24.2,2.4,5.6,.429,1.4,4.2,.333,1.0,1.4,.714,.554,0.2,0.3,.667,0.1,1.8,1.9,1.0,0.9,0.1,0.5,0.9,6.4,
Patrick McCaw,SF,24,TOR,2,0,20.0,1.5,2.5,.600,0.5,1.5,.333,1.0,1.0,1.000,.700,0.5,1.0,.500,1.0,2.0,3.0,1.5,1.5,0.0,1.5,1.5,4.0,
CJ McCollum,SG,28,POR,12,12,37.5,8.2,20.1,.407,1.7,5.3,.313,6.5,14.8,.441,.448,2.1,2.7,.781,0.9,3.5,4.4,3.1,0.8,0.6,2.3,3.3,20.1,
T.J. McConnell,PG,27,IND,11,0,17.0,2.9,6.0,.485,0.0,0.1,.000,2.9,5.9,.492,.485,0.4,0.4,1.000,0.5,2.5,3.0,4.5,0.5,0.3,1.3,1.3,6.2,
Jalen McDaniels,PF,22,CHO,1,0,3.0,1.0,2.0,.500,0.0,0.0,,1.0,2.0,.500,.500,0.0,0.0,,1.0,0.0,1.0,0.0,0.0,0.0,0.0,0.0,2.0,
Doug McDermott,PF,28,IND,11,0,20.6,3.4,7.8,.430,1.6,4.0,.409,1.7,3.8,.452,.535,0.5,0.6,.857,0.5,2.2,2.6,1.5,0.2,0.1,1.1,2.0,8.9,
JaVale McGee,C,32,LAL,11,11,16.6,3.6,5.5,.667,0.0,0.0,,3.6,5.5,.667,.667,0.5,1.0,.545,1.9,3.9,5.8,1.0,0.5,1.2,1.2,1.9,7.8,
Rodney McGruder,SG,28,LAC,7,0,13.0,0.4,1.9,.231,0.1,0.9,.167,0.3,1.0,.286,.269,0.0,0.3,.000,0.3,1.3,1.6,0.3,0.1,0.1,0.6,1.6,1.0,
Alfonzo McKinnie,SF,27,CLE,5,0,3.4,0.2,0.2,1.000,0.2,0.2,1.000,0.0,0.0,,1.500,0.0,0.0,,0.2,0.6,0.8,0.0,0.0,0.0,0.2,0.6,0.6,
Jordan McLaughlin,PG,23,MIN,4,0,14.3,1.0,3.8,.267,0.3,2.0,.125,0.8,1.8,.429,.300,0.5,0.5,1.000,0.3,1.5,1.8,2.0,0.3,0.0,1.0,1.0,2.8,
Ben McLemore,SG,26,HOU,11,1,16.1,1.6,4.9,.333,1.4,4.5,.306,0.3,0.5,.600,.472,0.7,1.0,.727,0.2,0.8,1.0,0.8,0.5,0.1,0.4,1.6,5.4,
Jordan McRae,SG,28,WAS,4,0,11.3,1.8,3.3,.538,0.3,0.8,.333,1.5,2.5,.600,.577,0.5,0.5,1.000,0.3,2.0,2.3,1.0,0.0,0.0,0.8,2.3,4.3,
Nicolò Melli,C,29,NOP,8,3,12.6,1.9,3.9,.484,0.6,2.3,.278,1.3,1.6,.769,.565,1.0,1.3,.800,0.6,1.6,2.3,0.9,0.1,0.3,1.3,1.5,5.4,
De'Anthony Melton,PG,21,MEM,4,0,8.8,1.3,3.8,.333,0.3,1.3,.200,1.0,2.5,.400,.367,0.0,0.5,.000,0.3,0.8,1.0,1.3,1.0,0.0,1.0,0.3,2.8,
Chimezie Metu,PF,22,SAS,4,0,4.5,1.5,2.8,.545,0.0,0.0,,1.5,2.8,.545,.545,0.3,0.5,.500,1.8,0.8,2.5,0.5,0.0,0.5,0.0,0.0,3.3,
Khris Middleton,SF,28,MIL,10,10,30.8,6.5,13.9,.468,2.4,6.1,.393,4.1,7.8,.526,.554,3.1,3.5,.886,0.7,5.0,5.7,2.9,0.8,0.1,2.3,3.0,18.5,
C.J. Miles,SG,32,WAS,4,0,17.8,2.3,7.5,.300,1.0,4.3,.235,1.3,3.3,.385,.367,1.3,1.3,1.000,0.8,1.8,2.5,1.3,0.5,0.8,0.0,2.0,6.8,
Malcolm Miller,SG,26,TOR,3,1,5.7,0.0,0.7,.000,0.0,0.7,.000,0.0,0.0,,.000,0.0,0.0,,0.0,1.3,1.3,0.3,0.0,0.0,0.3,0.7,0.0,
Patty Mills,PG,31,SAS,11,0,20.9,4.1,8.5,.484,2.1,4.6,.451,2.0,3.8,.524,.608,1.7,2.1,.826,0.3,1.2,1.5,1.6,0.8,0.0,1.3,1.7,12.0,
Paul Millsap,PF,34,DEN,10,10,26.9,4.0,8.9,.449,1.3,2.6,.500,2.7,6.3,.429,.522,3.5,3.7,.946,1.9,4.2,6.1,1.3,0.6,0.8,1.0,2.9,12.8,
Shake Milton,SG,23,PHI,4,0,8.8,1.8,4.3,.412,1.0,3.0,.333,0.8,1.3,.600,.529,1.0,1.3,.800,0.0,0.8,0.8,1.0,0.0,0.0,1.0,1.8,5.5,
Donovan Mitchell,SG,23,UTA,11,11,34.7,9.5,19.5,.484,1.8,4.5,.408,7.6,15.1,.506,.530,4.4,5.5,.787,1.3,3.9,5.2,4.1,1.5,0.1,2.4,2.5,25.1,
Naz Mitrou-Long,SG,26,IND,1,0,3.0,0.0,1.0,.000,0.0,1.0,.000,0.0,0.0,,.000,0.0,0.0,,0.0,0.0,0.0,1.0,0.0,1.0,0.0,0.0,0.0,
Malik Monk,SG,21,CHO,11,0,20.3,3.6,7.5,.488,1.0,3.4,.297,2.6,4.1,.644,.555,0.9,1.2,.769,0.2,2.5,2.7,2.4,0.3,0.3,1.7,1.8,9.2,
E'Twaun Moore,SG,30,NOP,5,0,16.6,3.2,7.2,.444,0.6,2.6,.231,2.6,4.6,.565,.486,0.8,1.0,.800,0.6,1.8,2.4,1.0,0.4,0.0,0.4,1.4,7.8,
Ja Morant,PG,20,MEM,10,10,27.5,7.1,14.7,.483,0.8,1.8,.444,6.3,12.9,.488,.510,3.3,4.5,.733,1.1,2.2,3.3,5.8,1.0,0.2,4.0,2.2,18.3,
Marcus Morris,PF,30,NYK,11,11,34.1,5.8,14.2,.410,2.5,5.8,.422,3.4,8.4,.402,.497,4.4,5.4,.814,1.0,5.0,6.0,1.2,1.1,0.7,2.3,3.3,18.5,
Markieff Morris,PF,30,DET,12,11,26.2,4.3,9.3,.464,1.7,4.1,.408,2.7,5.3,.508,.554,1.6,2.2,.731,0.3,3.5,3.8,1.9,0.8,0.1,2.3,2.8,11.9,
Monte Morris,PG,24,DEN,10,0,17.8,2.8,6.9,.406,0.4,1.0,.400,2.4,5.9,.407,.435,0.8,0.9,.889,0.1,1.4,1.5,3.4,0.3,0.2,0.5,0.5,6.8,
Johnathan Motley,PF,24,LAC,2,0,2.0,0.5,1.5,.333,0.5,0.5,1.000,0.0,1.0,.000,.500,0.0,0.0,,0.5,0.5,1.0,1.0,0.0,0.0,1.0,0.5,1.5,
Emmanuel Mudiay,PG,23,UTA,8,0,17.9,3.9,7.8,.500,0.4,1.6,.231,3.5,6.1,.571,.524,1.9,2.3,.833,0.1,2.5,2.6,3.0,0.5,0.4,2.0,1.5,10.0,
Dejounte Murray,PG,23,SAS,10,10,22.7,4.0,8.6,.465,0.2,1.0,.200,3.8,7.6,.500,.477,2.7,3.4,.794,1.2,6.1,7.3,4.7,1.4,0.5,2.8,2.3,10.9,
Jamal Murray,PG,22,DEN,10,10,33.6,7.0,15.7,.446,1.5,4.5,.333,5.5,11.2,.491,.494,3.2,3.7,.865,0.9,3.9,4.8,4.6,1.0,0.4,2.6,2.3,18.7,
Džanan Musa,SG,20,BRK,5,0,9.6,1.8,3.6,.500,0.2,1.8,.111,1.6,1.8,.889,.528,0.8,0.8,1.000,0.0,1.4,1.4,0.2,0.0,0.0,0.8,0.8,4.6,
Mike Muscala,C,28,OKC,10,0,12.0,1.1,4.0,.275,0.8,3.4,.235,0.3,0.6,.500,.375,0.5,0.6,.833,0.4,2.0,2.4,1.2,0.1,0.3,0.5,1.7,3.5,
Sviatoslav Mykhailiuk,SG,22,DET,7,0,13.3,1.4,3.3,.435,1.3,2.4,.529,0.1,0.9,.167,.630,0.3,0.3,1.000,0.1,1.1,1.3,1.1,0.0,0.1,1.3,0.9,4.4,
Abdel Nader,SF,26,OKC,5,0,12.2,1.2,4.0,.300,0.6,2.2,.273,0.6,1.8,.333,.375,0.6,0.8,.750,0.4,1.6,2.0,0.6,0.0,0.2,1.6,1.0,3.6,
Larry Nance,C,27,CLE,10,0,24.5,3.3,6.6,.500,1.0,2.7,.370,2.3,3.9,.590,.576,1.4,1.8,.778,1.5,5.4,6.9,1.2,1.0,0.4,1.1,1.9,9.0,
Shabazz Napier,PG,28,MIN,6,0,22.2,2.2,7.2,.302,1.2,5.2,.226,1.0,2.0,.500,.384,2.3,2.7,.875,0.2,2.3,2.5,4.5,1.5,0.5,2.0,0.7,7.8,
Raul Neto,PG,27,PHI,10,2,14.3,2.2,4.1,.537,0.5,1.0,.500,1.7,3.1,.548,.598,0.2,0.2,1.000,0.1,1.2,1.3,2.0,0.6,0.2,1.3,0.5,5.1,
Georges Niang,PF,26,UTA,9,0,9.1,1.0,2.1,.474,0.4,1.4,.308,0.6,0.7,.833,.579,0.6,0.7,.833,0.0,1.0,1.0,0.4,0.0,0.0,0.4,1.6,3.0,
Nerlens Noel,C,25,OKC,11,3,17.6,2.8,4.4,.646,0.0,0.0,,2.8,4.4,.646,.646,1.3,1.5,.824,0.9,3.0,3.9,1.7,0.8,1.7,1.2,2.6,6.9,
Zach Norvell,SG,22,LAL,2,0,2.5,0.0,0.5,.000,0.0,0.0,,0.0,0.5,.000,.000,0.0,0.0,,0.0,0.5,0.5,0.0,0.0,0.0,0.0,0.0,0.0,
Jaylen Nowell,SG,20,MIN,1,0,1.0,0.0,0.0,,0.0,0.0,,0.0,0.0,,,0.0,0.0,,0.0,0.0,0.0,0.0,0.0,0.0,0.0,0.0,0.0,
Frank Ntilikina,PG,21,NYK,10,6,24.7,2.0,5.4,.370,0.8,2.2,.364,1.2,3.2,.375,.444,0.3,0.6,.500,0.5,2.0,2.5,2.9,1.5,0.9,1.3,2.2,5.1,
Kendrick Nunn,SG,24,MIA,10,10,29.2,6.5,14.5,.448,2.3,6.0,.383,4.2,8.5,.494,.528,1.6,1.9,.842,0.1,2.2,2.3,2.8,1.6,0.3,2.3,2.5,16.9,
David Nwaba,SG,27,BRK,7,0,12.1,0.7,1.3,.556,0.1,0.4,.333,0.6,0.9,.667,.611,0.7,1.1,.625,0.3,2.3,2.6,0.4,0.3,0.9,0.7,1.9,2.3,
Royce O'Neale,PF,26,UTA,11,10,28.0,2.3,4.1,.556,1.1,2.1,.522,1.2,2.0,.591,.689,0.5,0.5,1.000,0.1,4.2,4.3,2.1,0.6,0.4,1.1,2.9,6.2,
Kyle O'Quinn,C,29,PHI,10,0,10.0,1.6,3.1,.516,0.5,1.2,.417,1.1,1.9,.579,.597,0.2,0.6,.333,1.3,2.2,3.5,1.4,0.2,0.6,0.9,1.6,3.9,
Semi Ojeleye,PF,25,BOS,10,0,9.4,0.4,1.2,.333,0.1,0.5,.200,0.3,0.7,.429,.375,0.3,0.5,.600,0.2,1.0,1.2,0.2,0.1,0.0,0.1,0.9,1.2,
Jahlil Okafor,C,24,NOP,9,5,17.7,3.9,6.0,.648,0.0,0.0,,3.9,6.0,.648,.648,2.1,3.1,.679,1.8,3.1,4.9,1.2,0.4,1.1,1.7,2.8,9.9,
Elie Okobo,PG,22,PHO,5,0,3.4,0.8,1.4,.571,0.2,0.6,.333,0.6,0.8,.750,.643,0.4,0.8,.500,0.0,0.4,0.4,0.8,0.2,0.0,0.0,0.2,2.2,
Josh Okogie,SG,21,MIN,11,2,24.9,2.6,6.5,.408,0.5,2.3,.240,2.1,4.2,.500,.451,2.7,3.9,.698,1.9,3.8,5.7,2.0,1.4,0.3,1.6,2.5,8.5,
KZ Okpala,SF,20,MIA,2,0,1.5,0.0,0.0,,0.0,0.0,,0.0,0.0,,,0.0,0.0,,0.0,0.5,0.5,0.0,0.0,0.0,0.5,0.0,0.0,
Kelly Olynyk,C,28,MIA,10,0,22.4,2.5,6.8,.368,1.5,4.2,.357,1.0,2.6,.385,.478,1.1,1.4,.786,0.8,4.1,4.9,2.0,1.0,0.5,1.4,3.7,7.6,
Miye Oni,SG,22,UTA,1,0,2.0,0.0,0.0,,0.0,0.0,,0.0,0.0,,,0.0,0.0,,0.0,0.0,0.0,0.0,0.0,0.0,0.0,0.0,0.0,
Cedi Osman,SF,24,CLE,10,10,30.6,3.3,8.0,.413,1.8,4.4,.409,1.5,3.6,.417,.525,0.4,0.6,.667,0.3,2.5,2.8,2.2,1.1,0.2,1.0,2.4,8.8,
Kelly Oubre,SF,24,PHO,10,10,29.1,5.5,11.7,.470,1.3,3.7,.351,4.2,8.0,.525,.526,3.3,4.2,.786,1.4,3.9,5.3,1.5,0.9,0.8,1.6,3.3,15.6,
Jabari Parker,PF,24,ATL,10,5,27.4,7.4,13.4,.552,1.1,4.1,.268,6.3,9.3,.677,.593,1.9,2.7,.704,1.8,4.2,6.0,1.6,0.8,0.7,1.9,3.2,17.8,
Eric Paschall,PF,23,GSW,11,5,30.6,5.8,11.2,.520,0.5,2.3,.240,5.3,8.9,.592,.545,3.4,3.8,.881,1.1,3.2,4.3,1.3,0.5,0.4,1.3,1.9,15.5,
Patrick Patterson,PF,30,LAC,11,11,19.4,1.7,4.9,.352,1.4,3.6,.375,0.4,1.3,.286,.491,0.2,0.4,.500,1.0,2.6,3.6,1.1,0.2,0.1,0.5,1.2,5.0,
Justin Patton,C,22,OKC,1,0,6.0,0.0,2.0,.000,0.0,1.0,.000,0.0,1.0,.000,.000,0.0,0.0,,0.0,2.0,2.0,0.0,0.0,0.0,1.0,3.0,0.0,
Chris Paul,PG,34,OKC,11,11,29.5,4.9,10.9,.450,1.8,4.3,.426,3.1,6.6,.466,.533,3.6,4.4,.833,0.2,3.5,3.6,5.5,1.8,0.0,2.6,2.0,15.3,
Elfrid Payton,PG,25,NYK,4,3,25.5,2.8,7.3,.379,1.3,2.0,.625,1.5,5.3,.286,.466,1.3,1.5,.833,0.8,2.3,3.0,3.8,2.5,0.0,1.8,2.0,8.0,
Theo Pinson,SG,24,BRK,2,0,5.0,0.5,2.0,.250,0.0,1.5,.000,0.5,0.5,1.000,.250,1.0,1.0,1.000,0.0,1.0,1.0,1.5,0.5,0.0,0.5,0.0,2.0,
Mason Plumlee,C,29,DEN,10,0,16.4,2.2,3.8,.579,0.0,0.1,.000,2.2,3.7,.595,.579,1.4,2.6,.538,1.7,3.9,5.6,2.4,0.7,0.7,1.3,2.9,5.8,
Vincent Poirier,C,26,BOS,5,0,5.8,0.6,1.6,.375,0.0,0.0,,0.6,1.6,.375,.375,0.2,0.4,.500,1.0,0.6,1.6,0.6,0.2,0.4,0.6,1.2,1.4,
Jakob Pöltl,C,24,SAS,11,0,14.5,1.6,3.2,.514,0.0,0.0,,1.6,3.2,.514,.514,0.8,1.5,.563,2.0,2.5,4.5,1.5,0.4,0.6,0.9,1.8,4.1,
Jordan Poole,SG,20,GSW,12,9,27.7,3.1,10.9,.282,1.7,5.9,.282,1.4,5.0,.283,.359,1.9,2.0,.958,0.2,2.0,2.2,2.0,0.8,0.3,1.6,2.5,9.8,
Kevin Porter,SG,19,CLE,9,0,18.7,2.1,6.0,.352,0.3,2.0,.167,1.8,4.0,.444,.380,1.6,1.6,1.000,0.4,2.1,2.6,1.0,0.3,0.4,1.0,2.1,6.1,
Michael Porter,PF,21,DEN,6,0,9.2,2.0,3.5,.571,0.3,0.8,.400,1.7,2.7,.625,.619,0.8,1.3,.625,1.0,1.3,2.3,0.2,0.0,0.0,0.5,0.8,5.2,
Otto Porter,SF,26,CHI,9,9,25.1,3.9,9.3,.417,1.8,4.4,.400,2.1,4.9,.432,.512,1.7,2.2,.750,0.9,2.6,3.4,1.6,1.0,0.3,0.8,2.2,11.2,
Bobby Portis,C,24,NYK,11,2,23.8,3.7,9.9,.376,0.8,2.7,.300,2.9,7.2,.405,.417,0.9,1.3,.714,2.6,5.1,7.7,1.5,0.8,0.4,1.0,1.9,9.2,
Kristaps Porziņģis,PF,24,DAL,9,9,31.4,6.6,16.3,.401,2.3,6.2,.375,4.2,10.1,.418,.473,2.9,4.2,.684,0.9,7.0,7.9,1.7,0.2,2.4,2.0,3.7,18.3,
Dwight Powell,PF,28,DAL,7,5,26.6,3.7,5.9,.634,0.1,0.6,.250,3.6,5.3,.676,.646,1.4,2.7,.526,2.6,2.9,5.4,1.1,0.7,0.4,1.4,3.0,9.0,
Norman Powell,SG,26,TOR,11,3,25.8,3.1,7.6,.405,1.0,3.7,.268,2.1,3.9,.535,.470,2.0,2.4,.846,0.5,3.8,4.3,1.3,0.6,0.5,1.4,1.5,9.2,
Julius Randle,PF,25,NYK,11,11,33.7,5.8,13.7,.424,0.7,3.5,.211,5.1,10.3,.496,.450,3.3,5.2,.632,2.8,6.8,9.6,3.8,0.8,0.2,3.9,3.3,15.6,
Cam Reddish,SF,20,ATL,10,8,23.5,1.9,7.6,.250,0.6,3.1,.194,1.3,4.5,.289,.289,1.1,1.4,.786,0.6,3.1,3.7,1.8,1.1,0.2,1.9,1.6,5.5,
J.J. Redick,SG,35,NOP,10,6,24.9,3.7,9.1,.407,3.0,6.6,.455,0.7,2.5,.280,.571,1.7,2.1,.810,0.2,1.7,1.9,1.4,0.4,0.5,1.8,1.6,12.1,
Josh Richardson,SG,26,PHI,11,11,33.6,5.2,12.5,.416,1.4,4.8,.283,3.8,7.6,.500,.471,2.5,2.9,.844,0.6,3.1,3.7,4.4,1.5,0.6,2.8,3.0,14.2,
Austin Rivers,SG,27,HOU,11,0,21.5,2.5,6.2,.412,1.5,3.9,.372,1.1,2.3,.480,.529,0.4,0.8,.444,0.5,1.9,2.5,1.3,0.0,0.1,0.4,1.7,6.9,
Duncan Robinson,PF,25,MIA,10,5,22.6,3.2,7.3,.438,2.2,5.6,.393,1.0,1.7,.588,.589,0.4,0.4,1.000,0.1,2.5,2.6,0.6,0.3,0.6,0.8,2.2,9.0,
Glenn Robinson,SF,26,GSW,12,12,30.8,4.3,8.7,.490,1.0,2.8,.364,3.3,5.9,.549,.548,1.0,1.2,.857,2.3,3.3,5.6,1.8,1.1,0.2,1.1,1.7,10.5,
Jerome Robinson,SG,22,LAC,6,0,6.8,1.0,2.8,.353,0.3,1.0,.333,0.7,1.8,.364,.412,0.0,0.0,,0.0,0.8,0.8,0.7,0.2,0.0,1.2,0.3,2.3,
Justin Robinson,PG,22,WAS,3,0,4.0,0.7,1.7,.400,0.3,0.3,1.000,0.3,1.3,.250,.500,0.0,0.0,,0.3,0.7,1.0,0.7,0.0,0.0,0.7,0.0,1.7,
Mitchell Robinson,C,21,NYK,7,6,17.6,4.0,5.6,.718,0.0,0.0,,4.0,5.6,.718,.718,1.6,2.1,.733,3.0,3.0,6.0,0.6,0.7,1.9,0.7,3.1,9.6,
Rajon Rondo,PG,33,LAL,1,0,14.0,2.0,6.0,.333,1.0,3.0,.333,1.0,3.0,.333,.417,0.0,0.0,,0.0,6.0,6.0,7.0,0.0,0.0,0.0,1.0,5.0,
Derrick Rose,PG,31,DET,7,1,24.3,7.6,14.6,.520,0.1,0.9,.167,7.4,13.7,.542,.525,3.4,3.9,.889,0.4,1.3,1.7,6.1,1.1,0.6,3.3,1.1,18.7,
Terrence Ross,SG,28,ORL,9,0,22.2,3.2,9.8,.330,1.4,5.9,.245,1.8,3.9,.457,.403,1.3,1.4,.923,0.4,2.7,3.1,1.2,1.0,0.2,1.6,1.9,9.2,
Terry Rozier,PG,25,CHO,11,11,31.8,5.9,14.2,.417,2.4,6.2,.382,3.5,8.0,.443,.500,2.6,3.2,.829,0.5,3.5,3.9,5.2,1.1,0.3,3.5,2.6,16.8,
Ricky Rubio,PG,29,PHO,9,9,32.6,5.0,11.8,.425,1.3,3.3,.400,3.7,8.4,.434,.481,3.1,3.6,.875,0.4,6.0,6.4,8.8,1.6,0.0,2.1,3.0,14.4,
D'Angelo Russell,SG,23,GSW,9,9,32.2,8.9,19.7,.452,3.0,8.1,.370,5.9,11.6,.510,.528,4.9,6.3,.772,0.2,3.6,3.8,6.7,0.8,0.4,2.8,1.7,25.7,
Domantas Sabonis,C,23,IND,9,9,34.9,8.1,15.7,.518,0.3,1.2,.273,7.8,14.4,.538,.528,3.2,3.8,.853,3.7,9.7,13.3,3.9,0.7,0.8,2.4,3.8,19.8,
JaKarr Sampson,SF,26,IND,7,6,20.3,3.0,5.3,.568,0.3,1.3,.222,2.7,4.0,.679,.595,0.3,1.0,.286,0.9,2.1,3.0,0.3,0.7,0.7,0.6,2.9,6.6,
Dario Šarić,PF,25,PHO,10,10,27.9,3.7,8.8,.420,1.7,4.5,.378,2.0,4.3,.465,.517,1.0,1.3,.769,1.3,4.7,6.0,2.2,1.2,0.2,1.5,2.1,10.1,
Tomáš Satoranský,PG,28,CHI,11,11,25.8,3.1,6.6,.466,1.1,2.3,.480,2.0,4.4,.458,.548,1.3,1.5,.875,0.8,1.9,2.7,5.2,1.2,0.2,2.0,2.3,8.5,
Admiral Schofield,SF,22,WAS,5,0,10.2,1.4,2.0,.700,0.8,1.4,.571,0.6,0.6,1.000,.900,0.8,0.8,1.000,0.4,1.2,1.6,0.2,0.0,0.0,0.0,0.6,4.4,
Dennis Schröder,PG,26,OKC,11,0,28.8,5.4,12.5,.428,1.3,4.3,.298,4.1,8.3,.495,.478,2.2,2.8,.774,0.6,4.3,4.9,4.5,1.2,0.3,2.9,3.1,14.2,
Mike Scott,PF,31,PHI,11,0,17.6,2.6,5.5,.483,1.1,2.9,.375,1.5,2.5,.607,.583,0.5,0.5,1.000,0.9,2.7,3.6,0.5,0.3,0.0,0.5,2.0,6.8,
Thabo Sefolosha,SF,35,HOU,9,0,10.9,0.7,2.6,.261,0.4,1.4,.308,0.2,1.1,.200,.348,0.0,0.0,,1.0,2.1,3.1,1.3,0.3,0.3,0.4,1.0,1.8,
Collin Sexton,PG,21,CLE,10,10,31.2,7.0,15.8,.443,1.9,4.8,.396,5.1,11.0,.464,.503,2.8,3.5,.800,0.7,2.4,3.1,2.3,0.6,0.1,1.8,2.6,18.7,
Landry Shamet,SG,22,LAC,10,10,29.4,3.0,7.7,.390,2.1,5.8,.362,0.9,1.9,.474,.526,1.0,1.0,1.000,0.0,1.5,1.5,1.7,0.4,0.1,1.2,3.1,9.1,
Pascal Siakam,PF,25,TOR,11,11,36.7,10.3,20.9,.491,2.3,6.1,.373,8.0,14.8,.540,.546,4.4,5.2,.842,1.7,7.5,9.2,3.8,0.7,0.5,3.1,3.5,27.2,
Chris Silva,PF,23,MIA,10,0,7.8,1.2,1.8,.667,0.0,0.1,.000,1.2,1.7,.706,.667,0.8,0.8,1.000,1.6,1.4,3.0,0.6,0.3,0.9,1.1,2.3,3.2,
Ben Simmons,PG,23,PHI,9,9,32.6,6.1,11.1,.550,0.0,0.0,,6.1,11.1,.550,.550,1.7,3.1,.536,1.0,4.7,5.7,6.6,2.6,0.6,3.6,3.1,13.9,
Anfernee Simons,SG,20,POR,12,0,21.6,4.3,9.2,.473,1.8,4.6,.382,2.6,4.6,.564,.568,1.3,1.7,.800,0.3,1.6,1.8,1.2,0.7,0.2,1.2,1.9,11.8,
Marcus Smart,SG,25,BOS,10,5,31.3,4.0,9.7,.412,2.6,6.7,.388,1.4,3.0,.467,.546,1.1,1.4,.786,0.5,2.8,3.3,4.7,1.1,0.5,0.8,2.5,11.7,
Dennis Smith,PG,22,NYK,4,0,10.0,0.3,3.5,.071,0.0,1.0,.000,0.3,2.5,.100,.071,0.3,0.5,.500,0.0,0.3,0.3,1.3,0.8,0.3,1.3,2.5,0.8,
Ish Smith,PG,31,WAS,9,5,25.2,3.1,7.4,.418,0.6,2.1,.263,2.6,5.3,.479,.455,0.4,0.8,.571,0.8,2.0,2.8,4.1,0.4,0.4,1.1,2.1,7.2,
Tony Snell,SF,28,DET,12,12,28.7,3.6,7.8,.462,2.5,5.5,.455,1.1,2.3,.481,.624,0.3,0.3,1.000,0.4,1.1,1.5,1.9,0.6,0.2,0.5,1.8,10.0,
Omari Spellman,PF,22,GSW,11,0,16.0,2.2,5.5,.393,0.3,1.3,.214,1.9,4.3,.447,.418,1.6,1.9,.857,2.5,3.1,5.5,1.4,0.8,0.5,1.3,1.1,6.3,
Edmond Sumner,PG,24,IND,3,2,22.3,3.0,6.0,.500,0.0,1.0,.000,3.0,5.0,.600,.500,1.0,1.7,.600,0.3,0.7,1.0,2.0,1.7,0.3,0.3,3.0,7.0,
Caleb Swanigan,PF,22,SAC,4,0,2.8,0.3,0.5,.500,0.0,0.0,,0.3,0.5,.500,.500,0.3,0.5,.500,0.3,0.8,1.0,0.0,0.3,0.5,0.8,0.8,0.8,
Jayson Tatum,PF,21,BOS,10,10,34.5,7.3,18.4,.397,2.5,6.2,.403,4.8,12.2,.393,.465,2.7,3.4,.794,1.6,5.6,7.2,2.5,1.5,0.6,1.8,2.4,19.8,
Jeff Teague,PG,31,MIN,7,6,25.9,4.6,8.9,.516,0.9,2.7,.316,3.7,6.1,.605,.565,3.9,4.4,.871,0.1,2.0,2.1,6.3,1.4,0.1,2.1,2.6,13.9,
Garrett Temple,SG,33,BRK,10,1,21.7,2.5,5.7,.439,1.5,4.2,.357,1.0,1.5,.667,.570,1.0,1.2,.833,0.5,1.9,2.4,1.6,1.2,0.5,0.6,1.5,7.5,
Daniel Theis,C,27,BOS,8,7,21.8,2.3,5.3,.429,0.3,1.1,.222,2.0,4.1,.485,.452,1.4,2.0,.688,1.3,5.1,6.4,1.3,0.3,2.1,0.8,3.4,6.1,
Isaiah Thomas,PG,30,WAS,7,4,24.1,5.3,12.0,.440,2.1,5.6,.385,3.1,6.4,.489,.530,1.1,1.1,1.000,0.1,1.9,2.0,6.3,0.3,0.3,2.6,1.9,13.9,
Khyri Thomas,SG,23,DET,2,0,3.0,0.0,0.0,,0.0,0.0,,0.0,0.0,,,0.5,1.0,.500,0.0,0.0,0.0,0.0,0.0,0.0,0.0,0.0,0.5,
Matt Thomas,SG,25,TOR,8,0,11.4,1.6,2.9,.565,1.1,2.1,.529,0.5,0.8,.667,.761,0.3,0.4,.667,0.1,0.9,1.0,0.4,0.4,0.0,0.5,1.3,4.6,
Tristan Thompson,C,28,CLE,10,10,33.5,7.1,13.1,.542,0.3,0.6,.500,6.8,12.5,.544,.553,2.0,3.4,.588,4.8,6.6,11.4,2.3,0.9,1.4,0.9,2.8,16.5,
Matisse Thybulle,SG,22,PHI,10,2,14.8,1.0,3.5,.286,0.6,2.2,.273,0.4,1.3,.308,.371,0.6,1.0,.600,0.3,0.8,1.1,1.1,1.6,1.1,1.5,2.6,3.2,
Anthony Tolliver,PF,34,POR,11,5,17.5,0.9,3.7,.244,0.7,3.0,.242,0.2,0.7,.250,.341,0.6,0.8,.778,0.6,2.8,3.5,0.7,0.3,0.4,0.7,1.0,3.2,
Karl-Anthony Towns,C,24,MIN,9,9,32.8,8.6,17.7,.484,3.7,9.0,.407,4.9,8.7,.564,.588,5.0,6.8,.738,2.8,9.2,12.0,4.2,1.4,1.6,2.6,3.4,25.8,
Gary Trent,SG,21,POR,7,0,8.4,0.9,2.6,.333,0.6,1.7,.333,0.3,0.9,.333,.444,0.0,0.0,,0.4,1.0,1.4,0.4,0.1,0.0,0.1,0.7,2.3,
Allonzo Trier,SG,24,NYK,8,1,14.6,2.0,4.3,.471,1.1,2.5,.450,0.9,1.8,.500,.603,2.0,2.6,.762,0.1,1.4,1.5,1.5,0.3,0.4,1.8,2.4,7.1,
P.J. Tucker,PF,34,HOU,11,11,34.5,3.6,7.1,.513,2.2,4.7,.462,1.5,2.4,.615,.667,0.7,0.8,.889,1.6,4.9,6.5,1.6,1.3,0.5,1.2,3.5,10.2,
Evan Turner,PG,31,ATL,3,0,11.3,1.3,2.3,.571,0.0,0.3,.000,1.3,2.0,.667,.571,1.3,1.7,.800,0.0,1.0,1.0,2.3,1.0,0.0,0.7,0.7,4.0,
Myles Turner,C,23,IND,4,4,31.5,5.5,10.0,.550,2.0,3.8,.533,3.5,6.3,.560,.650,1.8,2.3,.778,2.3,4.5,6.8,0.5,0.5,1.3,1.8,2.0,14.8,
Jonas Valančiūnas,C,27,MEM,11,11,22.5,5.4,10.5,.513,0.5,1.8,.300,4.8,8.6,.558,.539,1.5,1.6,.944,2.1,7.4,9.5,2.0,0.2,0.7,2.2,2.5,12.8,
Denzel Valentine,SG,26,CHI,2,0,3.0,0.5,2.5,.200,0.5,1.5,.333,0.0,1.0,.000,.300,0.0,0.0,,0.5,0.5,1.0,0.0,0.0,0.0,0.0,0.0,1.5,
Jarred Vanderbilt,PF,20,DEN,2,0,3.5,0.0,0.0,,0.0,0.0,,0.0,0.0,,,0.0,0.0,,0.0,0.5,0.5,0.5,0.0,0.0,0.5,0.0,0.0,
Fred VanVleet,SG,25,TOR,11,11,38.5,5.4,14.0,.383,2.5,6.3,.406,2.8,7.7,.365,.474,3.8,4.2,.913,0.1,4.1,4.2,7.6,1.6,0.2,2.4,2.4,17.1,
Noah Vonleh,C,24,MIN,11,0,13.4,1.6,3.2,.514,0.1,0.7,.125,1.5,2.5,.630,.529,1.0,1.2,.846,1.0,2.7,3.7,0.9,0.4,0.3,0.8,1.5,4.4,
Nikola Vučević,C,29,ORL,11,11,31.8,7.2,15.8,.454,1.0,3.7,.268,6.2,12.1,.511,.486,2.5,2.9,.844,2.5,9.1,11.5,3.1,0.8,0.9,1.4,2.0,17.8,
Moritz Wagner,C,22,WAS,9,0,17.8,3.9,6.8,.574,0.8,2.1,.368,3.1,4.7,.667,.631,2.3,2.7,.875,1.3,3.6,4.9,0.3,0.7,1.1,2.4,4.0,10.9,
Kemba Walker,PG,29,BOS,10,10,33.8,7.6,18.0,.422,4.4,9.9,.444,3.2,8.1,.395,.544,5.4,5.9,.915,1.2,3.9,5.1,4.6,0.9,0.7,2.0,2.1,25.0,
Lonnie Walker,SG,21,SAS,7,0,4.1,0.3,1.7,.167,0.0,0.3,.000,0.3,1.4,.200,.167,0.1,0.4,.333,0.1,1.0,1.1,0.3,0.0,0.1,0.4,0.6,0.7,
Tyrone Wallace,SG,25,ATL,7,0,12.7,1.6,3.6,.440,0.0,1.0,.000,1.6,2.6,.611,.440,1.3,2.1,.600,0.4,1.9,2.3,0.9,0.3,0.0,1.0,1.9,4.4,
Taurean Waller-Prince,SF,25,BRK,10,10,30.9,4.6,10.4,.442,2.8,6.5,.431,1.8,3.9,.462,.577,1.1,1.6,.688,1.0,5.3,6.3,1.2,1.2,0.4,2.0,2.8,13.1,
Derrick Walton,PG,24,LAC,2,0,1.5,0.0,0.0,,0.0,0.0,,0.0,0.0,,,0.0,0.0,,0.0,0.0,0.0,0.0,0.0,0.0,0.0,0.0,0.0,
Brad Wanamaker,PG,30,BOS,10,0,13.1,1.8,3.3,.545,0.2,0.7,.286,1.6,2.6,.615,.576,1.4,1.5,.933,0.2,1.7,1.9,2.1,0.7,0.1,1.0,1.5,5.2,
T.J. Warren,SF,26,IND,11,11,34.5,8.1,15.3,.530,0.7,2.5,.286,7.4,12.7,.579,.554,1.5,2.0,.773,0.6,2.6,3.3,1.4,1.5,0.4,1.3,2.6,18.5,
PJ Washington,PF,21,CHO,11,11,31.1,4.7,9.5,.495,1.6,3.5,.462,3.1,6.0,.515,.581,1.6,2.3,.720,1.1,4.8,5.9,1.4,1.3,0.8,1.5,2.2,12.7,
Yuta Watanabe,SG,25,MEM,1,0,3.0,2.0,2.0,1.000,0.0,0.0,,2.0,2.0,1.000,1.000,0.0,0.0,,0.0,1.0,1.0,0.0,0.0,0.0,0.0,1.0,4.0,
Russell Westbrook,PG,31,HOU,10,10,32.6,8.2,18.1,.453,1.1,4.9,.224,7.1,13.2,.538,.483,3.9,5.9,.661,1.3,6.7,8.0,6.9,1.8,0.4,4.3,3.5,21.4,
Coby White,PG,19,CHI,11,0,24.3,4.5,12.4,.368,1.6,5.7,.286,2.9,6.6,.438,.434,1.8,2.5,.741,0.2,3.1,3.3,2.3,0.6,0.0,1.3,1.1,12.5,
Derrick White,PG,25,SAS,11,1,23.6,3.9,8.5,.462,0.9,2.3,.400,3.0,6.2,.485,.516,2.5,3.1,.824,0.7,2.2,2.9,2.4,0.5,0.7,0.9,2.8,11.3,
Hassan Whiteside,C,30,POR,11,11,27.5,6.0,10.5,.574,0.0,0.0,,6.0,10.5,.574,.574,2.8,3.8,.738,4.1,8.1,12.2,1.0,0.4,1.7,1.9,3.0,14.8,
Andrew Wiggins,SF,24,MIN,11,11,34.7,10.0,20.9,.478,2.4,6.5,.361,7.6,14.4,.532,.535,3.5,4.8,.736,1.3,3.8,5.1,3.6,0.7,1.1,1.5,2.1,25.9,
Grant Williams,PF,21,BOS,10,0,15.3,0.8,3.1,.258,0.0,1.4,.000,0.8,1.7,.471,.258,1.1,1.4,.786,0.9,1.8,2.7,1.2,0.6,0.7,0.7,2.0,2.7,
Kenrich Williams,PF,25,NOP,10,2,20.5,2.2,4.9,.449,1.2,3.2,.375,1.0,1.7,.588,.571,0.5,1.1,.455,1.5,3.2,4.7,1.7,0.9,0.6,0.4,2.7,6.1,
Lou Williams,SG,33,LAC,11,2,32.7,7.1,17.5,.404,1.6,4.9,.333,5.5,12.6,.432,.451,6.3,7.5,.841,0.7,3.3,4.0,5.5,0.4,0.3,2.8,1.5,22.1,
Marvin Williams,PF,33,CHO,11,0,16.9,2.0,4.4,.458,1.0,2.6,.379,1.0,1.7,.579,.573,0.8,1.1,.750,0.5,1.7,2.2,0.5,0.5,0.3,0.5,1.2,5.8,
Robert Williams,C,22,BOS,8,1,16.0,2.6,3.4,.778,0.0,0.0,,2.6,3.4,.778,.778,0.6,1.1,.556,1.1,3.8,4.9,1.9,1.0,1.6,0.8,2.6,5.9,
Nigel Williams-Goss,PG,25,UTA,4,0,2.0,0.0,0.5,.000,0.0,0.3,.000,0.0,0.3,.000,.000,0.0,0.0,,0.0,0.0,0.0,0.3,0.0,0.0,0.3,0.3,0.0,
D.J. Wilson,PF,23,MIL,4,0,4.3,0.5,2.3,.222,0.3,1.8,.143,0.3,0.5,.500,.278,0.0,0.0,,0.0,1.0,1.0,0.5,0.0,0.0,0.3,0.3,1.3,
Justise Winslow,SF,23,MIA,5,5,36.2,5.6,14.4,.389,0.6,2.4,.250,5.0,12.0,.417,.410,2.0,3.4,.588,1.8,6.2,8.0,4.8,1.0,0.6,3.2,3.4,13.8,
Christian Wood,PF,24,DET,10,0,15.8,3.0,5.0,.600,0.9,1.7,.529,2.1,3.3,.636,.690,1.7,2.7,.630,0.9,3.0,3.9,0.3,0.3,0.9,0.9,0.7,8.6,
Delon Wright,SG,27,DAL,10,2,23.6,3.2,6.1,.525,0.6,1.6,.375,2.6,4.5,.578,.574,1.2,1.4,.857,0.5,3.1,3.6,3.7,1.1,0.2,0.6,1.2,8.2,
Thaddeus Young,PF,31,CHI,11,0,22.8,4.2,9.0,.465,1.2,3.7,.317,3.0,5.3,.569,.530,0.5,1.1,.417,1.3,2.7,4.0,1.5,1.2,0.3,1.4,1.6,10.0,
Trae Young,PG,21,ATL,9,9,33.6,9.2,19.9,.464,3.7,9.1,.402,5.6,10.8,.515,.556,5.9,7.3,.803,0.7,3.7,4.3,8.7,1.6,0.1,5.0,1.1,28.0,
Cody Zeller,C,27,CHO,10,10,27.0,5.2,9.4,.553,0.7,2.2,.318,4.5,7.2,.625,.590,2.1,3.0,.700,3.6,6.0,9.6,1.4,0.7,0.3,1.5,2.7,13.2,
Ivica Zubac,C,22,LAC,11,10,15.6,3.5,5.7,.603,0.0,0.0,,3.5,5.7,.603,.603,2.1,2.5,.821,2.4,4.4,6.7,0.6,0.3,1.3,0.8,1.8,9.0,