player,pos,age,team_id,g,gs,mp,fg_per_mp,fga_per_mp,fg_pct,fg3_per_mp,fg3a_per_mp,fg3_pct,fg2_per_mp,fg2a_per_mp,fg2_pct,ft_per_mp,fta_per_mp,ft_pct,orb_per_mp,drb_per_mp,trb_per_mp,ast_per_mp,stl_per_mp,blk_per_mp,tov_per_mp,pf_per_mp,pts_per_mp,
Steven Adams,C,26,OKC,8,8,206,5.4,10.5,.517,0.0,0.0,,5.4,10.5,.517,1.0,4.0,.261,4.4,9.1,13.5,2.6,0.5,1.0,1.7,2.3,11.9,
Bam Adebayo,C,22,MIA,10,10,314,5.2,8.8,.584,0.1,0.6,.200,5.0,8.3,.611,4.8,7.9,.609,2.9,8.4,11.2,5.3,1.8,1.6,3.1,3.6,15.2,
LaMarcus Aldridge,C,34,SAS,11,11,353,8.2,15.6,.523,0.3,1.3,.231,7.9,14.3,.550,3.5,4.3,.810,2.3,4.3,6.6,2.7,0.7,1.9,2.2,2.8,20.1,
Nickeil Alexander-Walker,SG,21,NOP,10,0,123,5.3,18.1,.290,2.6,9.1,.290,2.6,9.1,.290,1.5,1.8,.833,0.6,5.3,5.9,7.0,1.2,0.0,3.8,5.0,14.6,
Grayson Allen,SG,24,MEM,5,0,84,4.7,15.0,.314,2.1,8.1,.263,2.6,6.9,.375,4.3,5.1,.833,0.4,3.9,4.3,3.4,0.9,0.0,3.0,4.3,15.9,
Jarrett Allen,C,21,BRK,10,7,255,4.5,7.5,.604,0.0,0.0,,4.5,7.5,.604,3.0,5.4,.553,4.2,7.9,12.1,1.3,0.6,2.3,2.4,3.8,12.0,
Al-Farouq Aminu,PF,29,ORL,11,0,217,2.3,7.6,.304,1.0,3.3,.300,1.3,4.3,.308,1.8,2.5,.733,2.0,6.5,8.5,1.7,1.7,1.0,1.5,3.6,7.5,
Kyle Anderson,SF,26,MEM,11,0,227,4.8,9.4,.508,0.3,1.7,.182,4.4,7.6,.583,2.4,4.0,.600,1.3,6.3,7.6,4.3,1.6,1.4,1.4,3.5,12.2,
Ryan Anderson,PF,31,HOU,2,0,14,5.1,18.0,.286,2.6,12.9,.200,2.6,5.1,.500,0.0,0.0,,0.0,18.0,18.0,5.1,2.6,0.0,2.6,2.6,12.9,
Giannis Antetokounmpo,PF,25,MIL,10,10,331,11.6,19.9,.585,1.3,4.2,.308,10.3,15.7,.660,7.7,12.0,.645,2.5,13.1,15.6,7.4,1.4,1.7,4.8,4.6,32.3,
Kostas Antetokounmpo,PF,22,LAL,2,0,3,0.0,0.0,,0.0,0.0,,0.0,0.0,,0.0,0.0,,0.0,12.0,12.0,0.0,0.0,0.0,0.0,0.0,0.0,
Thanasis Antetokounmpo,SF,27,MIL,1,0,6,6.0,12.0,.500,0.0,0.0,,6.0,12.0,.500,0.0,0.0,,12.0,0.0,12.0,6.0,0.0,0.0,0.0,0.0,12.0,
OG Anunoby,SF,22,TOR,10,10,300,5.5,10.0,.554,2.3,4.3,.528,3.2,5.6,.574,0.7,1.2,.600,1.4,5.3,6.7,2.2,1.4,1.6,1.2,2.9,14.0,
Ryan Arcidiacono,PG,25,CHI,11,0,165,2.6,6.3,.414,1.5,3.3,.467,1.1,3.1,.357,2.4,2.8,.846,1.1,3.5,4.6,4.8,1.5,0.2,0.9,4.4,9.2,
Trevor Ariza,SF,34,SAC,10,0,213,2.5,6.8,.375,2.0,5.2,.387,0.5,1.5,.333,0.7,0.8,.800,0.7,5.6,6.3,1.5,1.5,0.0,1.0,2.9,7.8,
D.J. Augustin,PG,32,ORL,11,5,280,4.9,12.3,.396,0.9,3.6,.250,4.0,8.7,.456,2.8,3.2,.880,0.9,1.8,2.7,6.4,0.6,0.0,1.5,1.5,13.5,
Deandre Ayton,C,21,PHO,1,1,33,9.8,15.3,.643,0.0,0.0,,9.8,15.3,.643,0.0,0.0,,3.3,8.7,12.0,0.0,1.1,4.4,0.0,2.2,19.6,
Dwayne Bacon,SG,24,CHO,10,10,253,5.4,15.8,.342,1.1,4.4,.258,4.3,11.4,.375,2.1,3.1,.682,1.0,3.7,4.7,2.3,1.1,0.1,2.6,3.4,14.1,
Marvin Bagley,PF,20,SAC,1,1,28,7.7,20.6,.375,0.0,0.0,,7.7,20.6,.375,2.6,5.1,.500,5.1,7.7,12.9,0.0,1.3,1.3,1.3,1.3,18.0,
Lonzo Ball,PG,22,NOP,8,8,232,5.3,12.7,.415,2.8,7.6,.367,2.5,5.1,.485,0.9,1.6,.600,0.9,4.7,5.6,7.6,2.0,0.2,2.9,2.2,14.3,
Mo Bamba,C,21,ORL,9,0,120,5.1,14.4,.354,1.5,5.4,.278,3.6,9.0,.400,0.3,1.2,.250,3.3,8.1,11.4,0.9,0.9,2.7,2.1,6.0,12.0,
J.J. Barea,PG,35,DAL,1,0,16,6.8,13.5,.500,6.8,9.0,.750,0.0,4.5,.000,4.5,4.5,1.000,2.3,0.0,2.3,6.8,0.0,0.0,4.5,0.0,24.8,
Harrison Barnes,SF,27,SAC,10,10,336,6.0,12.2,.491,1.6,4.3,.375,4.4,7.9,.554,3.1,4.2,.744,1.6,3.9,5.5,1.8,1.4,0.2,1.1,1.5,16.7,
RJ Barrett,SG,19,NYK,11,11,385,6.2,15.1,.410,1.3,3.6,.359,4.9,11.4,.426,2.8,6.3,.448,1.4,4.6,6.0,4.2,1.4,0.3,2.7,2.8,16.5,
Will Barton,SG,29,DEN,8,8,260,6.0,13.6,.439,2.4,4.4,.531,3.6,9.1,.394,3.0,4.0,.759,2.2,6.5,8.7,2.8,1.5,0.8,1.7,1.9,17.3,
Nicolas Batum,SF,31,CHO,1,0,11,0.0,0.0,,0.0,0.0,,0.0,0.0,,0.0,0.0,,3.3,9.8,13.1,6.5,0.0,0.0,6.5,6.5,0.0,
Aron Baynes,C,33,PHO,10,9,243,8.7,14.8,.590,3.3,6.5,.500,5.5,8.3,.661,3.3,4.4,.733,2.5,6.1,8.6,4.6,0.4,1.3,1.5,6.1,24.0,
Kent Bazemore,SF,30,POR,12,2,292,4.2,11.7,.358,2.0,5.8,.340,2.2,5.9,.375,1.7,2.6,.667,0.5,6.5,7.0,2.2,1.5,1.5,2.5,5.5,12.1,
Darius Bazley,PF,19,OKC,11,0,202,3.6,8.6,.417,2.0,4.8,.407,1.6,3.7,.429,1.1,1.8,.600,0.7,7.5,8.2,1.4,0.5,0.5,2.1,1.8,10.2,
Bradley Beal,SG,26,WAS,9,9,325,9.9,22.7,.434,2.9,9.0,.321,7.0,13.7,.508,5.4,6.9,.790,1.2,3.5,4.8,6.4,1.1,0.2,3.5,2.4,28.0,
Malik Beasley,SG,23,DEN,9,0,146,5.2,14.1,.368,3.0,7.2,.414,2.2,6.9,.321,0.7,0.7,1.000,0.7,2.5,3.2,1.7,1.5,0.2,2.7,3.0,14.1,
Marco Belinelli,SG,33,SAS,11,0,188,3.4,13.2,.261,1.7,7.1,.243,1.7,6.1,.281,1.3,1.9,.700,0.0,2.7,2.7,3.1,0.6,0.0,1.0,1.9,10.0,
Jordan Bell,PF,25,MIN,4,0,43,7.5,10.9,.692,0.0,0.8,.000,7.5,10.0,.750,4.2,4.2,1.000,4.2,11.7,15.9,4.2,0.0,0.8,7.5,3.3,19.3,
DeAndre' Bembry,SG,25,ATL,10,0,264,4.9,9.1,.537,0.1,1.2,.111,4.8,7.9,.603,1.2,3.0,.409,1.6,4.2,5.9,4.2,1.9,0.3,2.3,3.0,11.2,
Dāvis Bertāns,PF,27,WAS,9,0,247,5.1,11.8,.432,4.1,9.3,.438,1.0,2.5,.412,1.2,1.3,.889,0.3,4.5,4.8,1.7,0.6,0.6,0.9,3.2,15.4,
Patrick Beverley,PG,31,LAC,11,11,328,3.3,9.3,.353,0.8,5.0,.152,2.5,4.3,.590,1.1,1.9,.588,1.3,6.4,7.7,3.5,1.8,0.5,2.0,4.4,8.5,
Khem Birch,C,27,ORL,4,0,45,0.8,4.0,.200,0.0,0.8,.000,0.8,3.2,.250,1.6,6.4,.250,2.4,4.8,7.2,0.8,0.8,0.0,0.0,2.4,3.2,
Goga Bitadze,C,20,IND,6,2,109,4.6,9.6,.483,1.0,2.6,.375,3.6,6.9,.524,3.0,4.0,.750,3.6,6.3,9.9,3.0,0.0,4.3,2.6,6.6,13.2,
Bismack Biyombo,C,27,CHO,9,1,113,6.7,10.2,.656,0.0,0.0,,6.7,10.2,.656,3.8,8.0,.480,2.9,3.8,6.7,2.2,1.3,1.3,2.5,5.1,17.2,
Nemanja Bjelica,PF,31,SAC,10,9,247,5.8,10.8,.541,2.9,5.8,.500,2.9,5.0,.588,0.3,0.3,1.000,2.2,5.5,7.7,3.5,1.3,0.4,1.5,3.4,14.9,
Eric Bledsoe,PG,30,MIL,10,10,266,8.4,18.1,.463,2.0,6.8,.300,6.4,11.4,.560,3.2,4.2,.774,1.2,6.5,7.7,6.8,0.8,0.4,2.6,3.9,22.1,
Bogdan Bogdanović,SG,27,SAC,10,0,256,6.0,15.8,.384,3.8,9.6,.397,2.3,6.2,.364,2.8,3.8,.741,0.1,3.5,3.7,5.6,1.8,0.1,2.3,3.1,18.7,
Bojan Bogdanović,SF,30,UTA,10,10,320,7.8,16.9,.460,3.2,7.2,.438,4.6,9.7,.477,3.6,3.9,.914,0.2,4.5,4.7,2.1,1.0,0.5,3.0,2.6,22.3,
Jonah Bolden,PF,24,PHI,2,0,5,7.2,7.2,1.000,0.0,0.0,,7.2,7.2,1.000,0.0,14.4,.000,0.0,0.0,0.0,0.0,7.2,0.0,7.2,0.0,14.4,
Jordan Bone,PG,22,DET,2,0,4,0.0,27.0,.000,0.0,9.0,.000,0.0,18.0,.000,0.0,0.0,,0.0,0.0,0.0,0.0,0.0,0.0,18.0,18.0,0.0,
Isaac Bonga,SF,20,WAS,7,7,149,3.1,7.0,.448,0.2,1.2,.200,2.9,5.8,.500,1.4,2.2,.667,1.7,4.8,6.5,2.9,1.7,0.2,1.4,5.1,8.0,
Devin Booker,SG,23,PHO,10,10,348,9.6,17.8,.541,2.6,5.1,.510,7.0,12.7,.553,4.3,4.7,.933,0.3,3.1,3.4,6.0,0.4,0.4,3.8,3.9,26.2,
Chris Boucher,PF,27,TOR,9,0,97,5.2,12.6,.412,1.5,4.8,.308,3.7,7.8,.476,2.6,3.7,.700,4.1,6.3,10.4,1.5,1.5,4.1,0.7,4.8,14.5,
Brian Bowen,SG,21,IND,1,0,3,12.0,24.0,.500,0.0,0.0,,12.0,24.0,.500,0.0,0.0,,0.0,0.0,0.0,0.0,0.0,0.0,0.0,0.0,24.0,
Ky Bowman,PG,22,GSW,12,3,220,5.1,11.1,.456,1.3,3.3,.400,3.8,7.9,.479,1.3,1.5,.889,0.2,3.4,3.6,4.1,1.5,0.2,2.3,2.9,12.8,
Avery Bradley,SG,29,LAL,10,10,274,5.4,11.0,.488,1.1,3.7,.286,4.3,7.4,.589,0.8,1.1,.750,0.9,3.3,4.2,2.4,1.3,0.1,1.4,3.4,12.6,
Tony Bradley,C,22,UTA,8,0,73,7.4,11.8,.625,0.0,0.0,,7.4,11.8,.625,3.5,5.9,.583,6.9,6.4,13.3,0.5,1.0,1.0,1.5,6.4,18.2,
Jarrell Brantley,PF,23,UTA,1,0,5,0.0,0.0,,0.0,0.0,,0.0,0.0,,0.0,0.0,,0.0,21.6,21.6,7.2,0.0,7.2,0.0,0.0,0.0,
Ignas Brazdeikis,SF,21,NYK,4,0,14,5.1,18.0,.286,0.0,5.1,.000,5.1,12.9,.400,5.1,5.1,1.000,0.0,0.0,0.0,2.6,0.0,2.6,2.6,2.6,15.4,
Mikal Bridges,SF,23,PHO,10,0,198,3.3,7.6,.429,0.5,2.7,.200,2.7,4.9,.556,1.3,1.8,.700,0.9,5.6,6.5,1.8,2.7,0.7,1.1,2.7,8.4,
Miles Bridges,SF,21,CHO,11,11,369,5.6,11.7,.475,1.9,4.8,.388,3.7,6.9,.535,1.1,1.7,.647,1.6,4.3,5.9,2.6,0.3,0.9,2.3,2.2,14.0,
Ryan Broekhoff,SG,29,DAL,2,0,4,9.0,9.0,1.000,9.0,9.0,1.000,0.0,0.0,,0.0,0.0,,0.0,0.0,0.0,9.0,0.0,0.0,0.0,0.0,27.0,
Malcolm Brogdon,PG,27,IND,11,11,363,8.1,17.4,.469,1.6,4.9,.327,6.5,12.5,.524,4.8,4.9,.980,0.7,5.0,5.7,9.3,1.2,0.3,3.4,2.8,22.6,
Dillon Brooks,SF,24,MEM,11,11,300,6.5,15.8,.409,2.3,6.0,.380,4.2,9.8,.427,2.8,3.1,.885,1.6,3.5,5.0,2.9,1.4,0.6,1.6,5.6,18.0,
Bruce Brown,SG,23,DET,12,8,328,3.6,9.4,.384,0.5,1.9,.294,3.1,7.6,.406,1.8,3.0,.593,1.3,4.2,5.5,4.3,1.2,0.4,2.9,4.4,9.5,
Charlie Brown,SG,22,ATL,1,0,4,0.0,0.0,,0.0,0.0,,0.0,0.0,,18.0,18.0,1.000,0.0,9.0,9.0,0.0,0.0,0.0,0.0,0.0,18.0,
Jaylen Brown,SG,23,BOS,7,7,223,8.6,16.5,.520,1.1,4.2,.269,7.4,12.3,.605,4.5,5.7,.800,1.0,6.8,7.7,2.7,0.8,0.5,1.5,3.7,22.8,
Moses Brown,C,20,POR,2,0,5,0.0,7.2,.000,0.0,0.0,,0.0,7.2,.000,0.0,0.0,,0.0,21.6,21.6,0.0,0.0,0.0,0.0,0.0,0.0,
Sterling Brown,SG,24,MIL,7,0,85,6.4,12.3,.517,2.1,5.1,.417,4.2,7.2,.588,1.7,2.5,.667,2.5,9.3,11.9,1.7,1.7,0.4,2.1,2.5,16.5,
Troy Brown,SG,20,WAS,6,2,133,5.1,11.4,.452,1.4,3.5,.385,3.8,7.8,.483,1.6,1.6,1.000,3.0,4.6,7.6,3.2,2.2,0.3,1.6,1.9,13.3,
Jalen Brunson,PG,23,DAL,10,3,209,5.5,12.9,.427,1.2,4.5,.269,4.3,8.4,.510,2.1,3.4,.600,1.6,4.3,5.9,5.9,1.2,0.0,1.9,2.4,14.3,
Thomas Bryant,C,22,WAS,9,9,270,6.8,13.5,.505,0.8,3.3,.240,6.0,10.1,.592,3.2,4.0,.800,2.9,8.3,11.2,2.8,0.8,1.9,2.0,2.8,17.6,
Trey Burke,PG,27,PHI,2,0,37,5.8,14.6,.400,1.9,2.9,.667,3.9,11.7,.333,2.9,3.9,.750,1.9,3.9,5.8,6.8,1.9,1.0,1.0,0.0,16.5,
Alec Burks,SG,28,GSW,9,1,226,6.4,13.9,.460,2.1,4.9,.419,4.3,8.9,.482,4.6,5.3,.879,0.8,4.9,5.7,3.2,0.6,0.8,1.6,3.0,19.4,
Deonte Burton,SG,26,OKC,5,0,39,6.5,15.7,.412,4.6,9.2,.500,1.8,6.5,.286,0.0,0.0,,0.0,6.5,6.5,0.9,0.9,0.0,2.8,3.7,17.5,
Jimmy Butler,SF,30,MIA,7,7,234,6.3,14.3,.441,0.8,3.2,.238,5.5,11.1,.500,7.5,9.4,.803,2.2,4.3,6.5,7.1,2.9,0.6,2.0,1.2,20.9,
Bruno Caboclo,SF,24,MEM,7,0,71,6.1,14.7,.414,1.0,5.6,.182,5.1,9.1,.556,0.0,0.0,,3.0,5.6,8.6,2.0,2.0,4.1,1.5,4.1,13.2,
Kentavious Caldwell-Pope,SG,26,LAL,11,1,215,4.0,11.2,.358,0.8,3.7,.227,3.2,7.5,.422,0.8,1.2,.714,0.7,3.0,3.7,2.5,1.2,0.2,1.2,3.0,9.7,
Vlatko Čančar,SF,22,DEN,1,0,2,0.0,0.0,,0.0,0.0,,0.0,0.0,,0.0,0.0,,0.0,0.0,0.0,0.0,0.0,0.0,0.0,0.0,0.0,
Clint Capela,C,25,HOU,11,11,332,7.3,11.2,.650,0.0,0.0,,7.3,11.2,.650,1.4,3.3,.433,3.5,11.4,14.9,1.3,1.1,2.6,1.5,3.3,15.9,
DeMarre Carroll,SF,33,SAS,4,0,39,3.7,9.2,.400,1.8,4.6,.400,1.8,4.6,.400,1.8,1.8,1.000,2.8,5.5,8.3,2.8,0.0,0.9,0.9,4.6,11.1,
Jevon Carter,PG,24,PHO,9,1,153,3.5,9.2,.385,2.4,6.1,.385,1.2,3.1,.385,0.9,0.9,1.000,0.5,3.8,4.2,4.5,2.1,0.7,3.1,4.2,10.4,
Vince Carter,SF,43,ATL,8,0,116,5.0,12.4,.400,1.2,7.4,.167,3.7,5.0,.750,1.6,1.9,.833,0.3,5.0,5.3,1.2,1.2,0.3,0.9,3.4,12.7,
Wendell Carter,C,20,CHI,11,11,304,6.8,11.5,.588,0.1,1.1,.111,6.6,10.4,.636,3.6,5.6,.638,4.0,8.6,12.7,0.9,0.4,1.4,1.7,5.2,17.2,
Michael Carter-Williams,PG,28,ORL,8,0,134,3.5,11.3,.310,0.8,3.8,.214,2.7,7.5,.357,4.0,5.1,.789,3.0,5.1,8.1,3.5,2.1,1.3,2.1,3.5,11.8,
Alex Caruso,SG,25,LAL,10,0,194,3.2,8.5,.370,0.7,3.0,.250,2.4,5.6,.433,0.7,1.1,.667,0.2,3.7,3.9,4.3,2.0,0.9,2.4,1.9,7.8,
Willie Cauley-Stein,C,26,GSW,9,8,183,6.5,11.4,.569,0.0,0.0,,6.5,11.4,.569,1.2,1.6,.750,2.4,8.5,10.8,2.4,1.4,2.2,1.4,5.7,14.2,
Tyson Chandler,C,37,HOU,10,0,77,4.2,4.7,.900,0.0,0.0,,4.2,4.7,.900,1.4,2.3,.600,3.3,10.3,13.6,0.9,1.4,1.9,0.5,6.1,9.8,
Chris Chiozza,PG,24,WAS,2,0,35,2.1,9.3,.222,2.1,4.1,.500,0.0,5.1,.000,0.0,0.0,,0.0,4.1,4.1,7.2,2.1,2.1,3.1,6.2,6.2,
Marquese Chriss,PF,22,GSW,11,1,170,4.9,10.6,.460,0.4,1.5,.286,4.4,9.1,.488,3.4,3.8,.889,3.0,7.6,10.6,4.0,1.5,1.5,3.6,4.7,13.6,
Brandon Clarke,PF,23,MEM,10,1,220,8.3,13.7,.607,1.0,2.3,.429,7.4,11.5,.643,1.8,2.0,.917,2.6,8.0,10.6,1.8,1.0,2.1,2.0,2.9,19.5,
Jordan Clarkson,SG,27,CLE,10,0,230,8.0,18.6,.429,2.3,8.0,.294,5.6,10.6,.529,5.5,6.1,.897,0.6,2.7,3.3,3.4,1.4,0.6,1.9,1.7,23.8,
Nicolas Claxton,PF,20,BRK,3,0,36,5.0,9.0,.556,0.0,1.0,.000,5.0,8.0,.625,2.0,5.0,.400,6.0,4.0,10.0,4.0,1.0,0.0,0.0,4.0,12.0,
Chris Clemons,PG,22,HOU,5,0,42,5.1,13.7,.375,4.3,12.9,.333,0.9,0.9,1.000,1.7,1.7,1.000,1.7,0.9,2.6,1.7,0.0,0.9,2.6,5.1,16.3,
John Collins,PF,22,ATL,5,5,161,7.2,13.6,.525,2.0,4.2,.474,5.1,9.4,.548,2.7,3.8,.706,2.2,7.6,9.8,1.8,1.1,2.2,1.6,3.8,19.0,
Zach Collins,PF,22,POR,3,3,86,3.8,8.0,.474,1.3,2.9,.429,2.5,5.0,.500,2.5,2.5,1.000,1.7,3.3,5.0,2.5,0.0,0.8,2.5,4.6,11.3,
Mike Conley,PG,32,UTA,11,11,330,5.7,15.4,.369,2.4,7.0,.344,3.3,8.4,.390,3.9,5.0,.783,0.7,2.5,3.2,4.8,1.0,0.2,3.3,2.8,17.7,
Pat Connaughton,SG,27,MIL,8,0,131,4.4,11.5,.381,2.2,7.7,.286,2.2,3.8,.571,0.3,0.3,1.000,0.3,6.6,6.9,3.3,0.5,0.8,0.8,2.5,11.3,
Quinn Cook,PG,26,LAL,11,0,179,5.6,13.3,.424,1.6,4.8,.333,4.0,8.4,.476,0.4,0.6,.667,0.6,2.2,2.8,5.0,0.8,0.2,1.8,1.6,13.3,
Tyler Cook,PF,22,CLE,4,0,10,10.8,14.4,.750,0.0,0.0,,10.8,14.4,.750,0.0,0.0,,7.2,3.6,10.8,0.0,3.6,0.0,0.0,0.0,21.6,
Robert Covington,PF,29,MIN,11,11,286,5.5,13.1,.423,2.6,8.1,.328,2.9,5.0,.575,2.6,2.8,.955,1.4,6.4,7.8,1.1,2.0,1.5,2.4,4.0,16.4,
Torrey Craig,SF,29,DEN,10,2,161,2.2,7.4,.303,0.9,4.0,.222,1.3,3.4,.400,0.9,1.3,.667,1.8,5.6,7.4,2.7,0.7,1.8,1.1,5.1,6.3,
Jae Crowder,SF,29,MEM,11,11,333,3.7,9.8,.374,2.3,7.4,.309,1.4,2.5,.565,1.6,2.3,.714,1.0,5.4,6.4,3.4,1.4,0.5,1.8,2.7,11.2,
Jarrett Culver,SG,20,MIN,11,4,242,5.1,13.7,.370,1.5,5.7,.263,3.6,8.0,.444,1.2,3.1,.381,1.2,3.4,4.6,3.6,1.2,0.4,2.2,3.9,12.8,
Seth Curry,SG,29,DAL,10,6,198,4.5,11.1,.410,2.5,6.9,.368,2.0,4.2,.478,2.7,3.1,.882,0.5,1.6,2.2,2.4,1.3,0.4,1.6,3.5,14.4,
Stephen Curry,PG,31,GSW,4,4,112,8.7,21.2,.409,2.9,11.9,.243,5.8,9.3,.621,5.8,5.8,1.000,1.3,5.1,6.4,8.4,1.6,0.6,4.8,3.2,26.0,
Troy Daniels,SG,28,LAL,9,0,137,4.5,12.9,.347,3.2,10.0,.316,1.3,2.9,.455,0.8,0.8,1.000,0.3,3.4,3.7,1.6,0.8,0.3,0.8,1.1,12.9,
Anthony Davis,PF,26,LAL,10,10,353,9.5,19.5,.487,0.8,2.8,.296,8.7,16.7,.518,7.0,8.0,.885,2.9,7.8,10.6,3.4,1.3,3.0,3.0,2.8,26.8,
Ed Davis,C,30,UTA,6,0,73,2.0,4.9,.400,0.0,0.0,,2.0,4.9,.400,1.0,2.0,.500,4.4,10.8,15.3,0.5,0.5,1.5,2.5,6.9,4.9,
Terence Davis,SG,22,TOR,11,0,135,4.3,9.6,.444,2.4,5.3,.450,1.9,4.3,.438,1.6,1.6,1.000,1.1,5.9,6.9,3.2,1.3,0.5,1.3,4.8,12.5,
Dewayne Dedmon,C,30,SAC,10,4,162,3.8,11.3,.333,1.1,5.3,.208,2.7,6.0,.444,2.0,2.0,1.000,4.4,6.2,10.7,1.1,0.7,1.6,4.0,5.8,10.7,
Matthew Dellavedova,PG,29,CLE,8,0,119,3.0,9.4,.323,0.3,5.1,.059,2.7,4.2,.643,1.2,1.5,.800,0.9,3.3,4.2,4.5,1.2,0.3,2.1,4.5,7.6,
DeMar DeRozan,SG,30,SAS,11,11,366,8.6,16.7,.512,0.0,0.4,.000,8.6,16.3,.524,4.6,6.0,.770,0.5,4.8,5.3,5.2,1.0,0.7,3.4,2.6,21.7,
Cheick Diallo,C,23,PHO,5,0,12,9.0,9.0,1.000,0.0,0.0,,9.0,9.0,1.000,9.0,12.0,.750,0.0,3.0,3.0,3.0,0.0,0.0,6.0,9.0,27.0,
Hamidou Diallo,SG,21,OKC,11,1,242,6.2,12.5,.500,0.3,1.9,.154,6.0,10.6,.563,1.6,2.7,.611,2.1,4.5,6.5,1.3,2.4,0.6,2.1,3.9,14.4,
Gorgui Dieng,C,30,MIN,8,2,93,6.6,15.5,.425,0.8,5.0,.154,5.8,10.5,.556,3.1,3.9,.800,3.5,8.9,12.4,3.5,2.3,2.7,2.3,2.3,17.0,
Spencer Dinwiddie,SG,26,BRK,10,0,252,7.9,18.6,.423,2.4,7.7,.315,5.4,10.9,.500,6.3,7.9,.800,0.4,3.0,3.4,6.7,0.9,0.4,3.7,4.9,24.4,
Donte DiVincenzo,SG,23,MIL,7,0,97,5.6,14.5,.385,3.3,7.4,.450,2.2,7.1,.316,0.7,1.5,.500,1.9,5.6,7.4,2.6,3.0,0.7,2.6,4.5,15.2,
Luka Dončić,PG,20,DAL,10,10,348,9.8,20.3,.485,2.9,9.1,.318,6.9,11.2,.620,6.7,8.0,.844,1.7,9.0,10.7,9.4,1.1,0.1,4.7,2.6,29.3,
Damyean Dotson,SG,25,NYK,7,0,65,5.0,12.2,.409,2.8,6.6,.417,2.2,5.5,.400,1.1,1.7,.667,1.1,3.3,4.4,1.7,0.6,0.6,1.7,2.8,13.8,
Goran Dragić,PG,33,MIA,10,0,287,6.8,14.3,.474,3.4,7.7,.443,3.4,6.6,.509,4.1,5.8,.717,0.3,4.0,4.3,6.1,0.6,0.4,3.0,2.1,21.1,
Andre Drummond,C,26,DET,12,12,414,8.5,15.3,.557,0.0,0.7,.000,8.5,14.6,.583,3.7,5.4,.694,5.0,12.5,17.5,3.2,1.8,2.3,4.2,4.4,20.8,
Jared Dudley,SF,34,LAL,7,0,58,2.5,3.7,.667,2.5,2.5,1.000,0.0,1.2,.000,0.0,0.0,,0.0,3.1,3.1,3.1,0.6,0.6,0.6,3.7,7.4,
Kris Dunn,PG,25,CHI,11,0,224,5.3,11.3,.471,0.5,2.7,.176,4.8,8.5,.566,1.0,1.4,.667,1.0,3.9,4.8,4.8,4.0,0.5,1.4,5.6,12.1,
Carsen Edwards,PG,21,BOS,9,0,107,5.7,14.8,.386,3.0,8.4,.360,2.7,6.4,.421,2.4,3.0,.778,1.0,4.7,5.7,3.4,1.0,0.7,1.0,3.4,16.8,
Wayne Ellington,SG,32,NYK,8,1,137,3.7,11.8,.311,2.9,10.5,.275,0.8,1.3,.600,0.0,0.3,.000,0.0,3.9,3.9,2.4,0.5,0.3,2.1,2.4,10.2,
Joel Embiid,C,25,PHI,7,7,201,9.1,19.7,.464,1.8,4.7,.385,7.3,15.0,.488,8.8,10.6,.831,3.8,11.8,15.6,3.9,1.3,2.1,4.1,4.8,28.8,
James Ennis,SF,29,PHI,11,0,168,5.4,10.3,.521,0.9,3.2,.267,4.5,7.1,.636,3.2,4.3,.750,3.2,6.0,9.2,1.5,1.1,0.2,1.9,4.3,14.8,
Drew Eubanks,PF,22,SAS,1,0,2,0.0,36.0,.000,0.0,0.0,,0.0,36.0,.000,0.0,0.0,,36.0,18.0,54.0,0.0,0.0,0.0,18.0,18.0,0.0,
Jacob Evans,SG,22,GSW,3,0,43,4.2,10.0,.417,3.3,6.7,.500,0.8,3.3,.250,3.3,3.3,1.000,0.8,3.3,4.2,1.7,0.0,0.0,0.8,1.7,15.1,
Tacko Fall,C,24,BOS,1,0,4,18.0,36.0,.500,0.0,0.0,,18.0,36.0,.500,0.0,0.0,,0.0,27.0,27.0,0.0,0.0,0.0,9.0,18.0,36.0,
Derrick Favors,C,28,NOP,7,5,146,6.4,10.8,.591,0.0,0.2,.000,6.4,10.6,.605,0.2,0.7,.333,5.4,8.4,13.8,3.5,1.2,0.7,3.0,4.2,13.1,
Terrance Ferguson,SG,21,OKC,10,10,223,2.4,5.5,.441,1.3,3.4,.381,1.1,2.1,.538,0.5,0.5,1.000,1.0,2.1,3.1,1.6,0.5,0.6,1.0,4.5,6.6,
Bruno Fernando,C,21,ATL,10,0,113,6.1,10.2,.594,0.6,2.2,.286,5.4,8.0,.680,1.6,3.5,.455,2.9,5.7,8.6,2.9,1.0,1.3,2.9,3.8,14.3,
Yogi Ferrell,PG,26,SAC,6,0,42,6.0,12.0,.500,1.7,4.3,.400,4.3,7.7,.556,4.3,5.1,.833,0.0,5.1,5.1,5.1,0.9,0.9,1.7,3.4,18.0,
Dorian Finney-Smith,PF,26,DAL,10,7,261,4.0,9.0,.446,1.4,4.8,.286,2.6,4.1,.633,1.5,2.3,.647,2.9,4.7,7.6,1.0,1.0,0.3,1.8,2.5,10.9,
Bryn Forbes,SG,26,SAS,11,11,298,6.5,15.7,.415,3.6,9.8,.370,2.9,5.9,.490,2.3,2.5,.905,0.6,3.4,4.0,1.8,0.5,0.0,1.1,2.7,19.0,
Evan Fournier,SG,27,ORL,11,11,313,7.0,15.0,.469,2.4,6.3,.382,4.6,8.6,.533,2.9,3.3,.862,0.1,4.0,4.1,3.9,0.8,0.3,2.4,3.0,19.3,
De'Aaron Fox,PG,22,SAC,9,9,288,6.9,16.0,.430,1.2,3.7,.333,5.6,12.2,.459,5.5,7.7,.710,0.6,3.9,4.5,7.9,0.9,0.6,4.6,3.4,20.5,
Melvin Frazier,SG,23,ORL,1,0,6,6.0,30.0,.200,0.0,6.0,.000,6.0,24.0,.250,0.0,0.0,,6.0,0.0,6.0,0.0,0.0,0.0,0.0,0.0,12.0,
Tim Frazier,PG,29,DET,8,4,116,2.5,11.5,.216,0.9,4.0,.231,1.6,7.4,.208,2.8,3.7,.750,0.9,1.6,2.5,9.0,2.5,0.3,3.1,5.0,8.7,
Markelle Fultz,SG,21,ORL,11,6,256,6.0,13.1,.462,0.6,3.4,.167,5.5,9.7,.565,2.1,2.8,.750,1.0,2.4,3.4,4.8,2.0,0.3,2.4,3.4,14.8,
Wenyen Gabriel,PF,22,SAC,5,0,34,3.2,12.7,.250,1.1,6.4,.167,2.1,6.4,.333,4.2,7.4,.571,3.2,3.2,6.4,3.2,1.1,1.1,3.2,4.2,11.6,
Daniel Gafford,PF,21,CHI,4,0,12,0.0,0.0,,0.0,0.0,,0.0,0.0,,0.0,0.0,,0.0,3.0,3.0,0.0,0.0,0.0,0.0,6.0,0.0,
Danilo Gallinari,PF,31,OKC,11,11,318,6.8,15.6,.435,3.5,8.4,.419,3.3,7.2,.453,5.5,6.0,.925,0.6,5.5,6.1,1.9,1.0,0.1,1.2,2.0,22.6,
Langston Galloway,SG,28,DET,12,0,295,5.0,12.0,.418,2.8,6.6,.426,2.2,5.4,.409,4.1,4.5,.919,0.5,2.7,3.2,2.7,0.9,0.7,1.1,2.2,17.0,
Darius Garland,PG,20,CLE,10,10,283,4.2,12.8,.327,1.0,4.1,.250,3.2,8.8,.362,1.5,1.8,.857,0.4,1.9,2.3,4.7,1.4,0.0,2.9,1.5,10.9,
Marc Gasol,C,35,TOR,11,11,310,2.9,8.5,.342,1.6,3.9,.412,1.3,4.5,.282,1.2,1.4,.833,0.9,7.5,8.5,3.3,0.3,1.0,2.4,4.2,8.6,
Rudy Gay,PF,33,SAS,11,0,248,6.2,13.2,.473,1.5,5.1,.286,4.8,8.1,.589,3.2,3.8,.846,3.0,8.3,11.3,3.6,0.4,0.9,2.2,2.6,17.1,
Taj Gibson,C,34,NYK,9,3,142,5.6,9.9,.564,0.0,0.8,.000,5.6,9.1,.611,1.3,1.8,.714,3.3,4.8,8.1,3.0,1.5,0.3,2.0,5.3,12.4,
Harry Giles,PF,21,SAC,2,0,14,5.1,12.9,.400,0.0,0.0,,5.1,12.9,.400,5.1,5.1,1.000,0.0,7.7,7.7,0.0,0.0,2.6,2.6,10.3,15.4,
Shai Gilgeous-Alexander,SG,21,OKC,11,11,381,7.8,17.0,.461,1.8,4.4,.404,6.0,12.6,.481,3.4,4.5,.750,1.1,4.9,6.0,3.2,0.8,0.7,2.1,1.4,20.9,
Rudy Gobert,C,27,UTA,11,11,380,4.7,7.0,.676,0.0,0.0,,4.7,7.0,.676,3.9,6.4,.603,2.5,11.4,13.8,1.1,1.2,1.3,2.4,3.7,13.4,
Aaron Gordon,PF,24,ORL,11,11,342,6.0,13.2,.456,1.4,4.3,.317,4.6,8.8,.524,2.8,3.9,.730,2.0,5.2,7.2,3.6,0.9,0.6,1.8,3.2,16.2,
Eric Gordon,SG,31,HOU,9,2,265,4.6,14.9,.309,2.9,10.1,.284,1.8,4.9,.361,1.2,1.9,.643,0.4,1.9,2.3,1.0,0.7,0.3,1.6,2.9,13.3,
Devonte' Graham,PG,24,CHO,11,1,347,6.1,15.1,.404,3.6,8.6,.422,2.5,6.5,.381,4.7,5.9,.789,0.8,3.0,3.8,8.3,0.9,0.2,3.2,2.1,20.5,
Treveon Graham,SG,26,MIN,11,10,286,3.7,10.1,.363,0.8,3.9,.194,2.9,6.2,.469,1.5,1.8,.857,1.6,3.4,5.0,2.4,1.4,0.1,0.9,3.0,9.6,
Jerami Grant,PF,25,DEN,10,0,219,5.4,12.7,.429,1.3,5.3,.250,4.1,7.4,.556,2.0,3.0,.667,1.0,3.3,4.3,1.8,0.7,0.8,1.6,3.5,14.1,
Danny Green,SG,32,LAL,11,11,284,4.4,9.9,.449,2.9,6.6,.442,1.5,3.3,.462,0.6,1.0,.625,0.6,3.0,3.7,1.8,1.8,0.5,1.5,4.1,12.4,
Draymond Green,PF,29,GSW,7,7,195,4.4,10.9,.407,1.1,3.9,.286,3.3,7.0,.474,1.3,1.8,.700,0.7,7.9,8.7,6.5,1.5,0.2,2.0,3.0,11.3,
JaMychal Green,PF,29,LAC,11,0,250,4.9,11.5,.425,3.3,7.6,.434,1.6,3.9,.407,2.0,2.4,.824,2.4,8.6,11.1,0.4,0.6,0.6,1.6,4.3,15.1,
Javonte Green,SG,26,BOS,8,0,55,8.5,15.7,.542,0.7,3.9,.167,7.9,11.8,.667,1.3,3.3,.400,0.7,3.9,4.6,1.3,1.3,0.0,0.0,5.2,19.0,
Jeff Green,PF,33,UTA,11,1,209,4.1,11.5,.358,2.8,7.1,.390,1.4,4.5,.308,1.9,2.8,.688,0.5,4.0,4.5,0.9,1.0,0.9,2.1,3.3,12.9,
Blake Griffin,PF,30,DET,1,1,24,9.0,18.0,.500,1.5,4.5,.333,7.5,13.5,.556,9.0,12.0,.750,0.0,10.5,10.5,9.0,0.0,0.0,6.0,1.5,28.5,
Marko Guduric,SG,24,MEM,11,0,200,5.0,11.0,.459,1.8,4.9,.370,3.2,6.1,.529,1.3,1.3,1.000,1.3,4.0,5.2,3.8,0.7,0.5,2.3,1.6,13.1,
Rui Hachimura,SF,21,WAS,9,9,252,8.3,16.0,.518,0.6,2.4,.235,7.7,13.6,.568,1.4,1.7,.833,3.0,4.6,7.6,2.0,0.9,0.1,1.3,2.7,18.6,
Devon Hall,SG,24,OKC,1,0,7,5.1,5.1,1.000,0.0,0.0,,5.1,5.1,1.000,0.0,0.0,,0.0,0.0,0.0,0.0,0.0,0.0,5.1,5.1,10.3,
Tim Hardaway,SG,27,DAL,10,0,230,6.1,16.4,.371,3.3,10.0,.328,2.8,6.4,.439,2.7,3.4,.773,0.5,3.1,3.6,2.2,0.2,0.2,0.6,3.4,18.2,
James Harden,SG,30,HOU,11,11,401,10.0,24.1,.413,4.4,13.8,.318,5.6,10.3,.539,13.4,15.1,.887,1.0,4.4,5.4,8.1,1.5,0.6,5.7,2.8,37.7,
Maurice Harkless,PF,26,LAC,11,1,237,4.3,8.2,.519,0.6,2.1,.286,3.6,6.1,.600,0.9,1.5,.600,1.2,3.6,4.9,1.7,1.7,0.9,1.5,6.1,10.0,
Jared Harper,PG,22,PHO,1,0,2,0.0,18.0,.000,0.0,18.0,.000,0.0,0.0,,0.0,0.0,,0.0,0.0,0.0,0.0,0.0,0.0,0.0,0.0,0.0,
Montrezl Harrell,C,26,LAC,11,1,332,8.9,14.6,.607,0.0,0.3,.000,8.9,14.3,.621,4.1,6.5,.633,3.0,5.6,8.7,2.6,1.0,1.4,2.4,3.1,21.9,
Gary Harris,SG,25,DEN,10,10,322,4.7,12.0,.393,1.7,4.9,.341,3.0,7.0,.429,1.2,1.7,.733,0.7,3.1,3.8,1.9,1.6,0.2,1.2,2.8,12.3,
Joe Harris,SG,28,BRK,10,10,323,5.6,11.1,.500,3.1,6.4,.491,2.5,4.8,.512,0.7,1.0,.667,1.2,3.2,4.5,1.7,0.8,0.2,2.0,3.1,14.9,
Tobias Harris,SF,27,PHI,11,11,380,6.8,14.8,.462,0.9,4.6,.204,5.9,10.1,.579,2.6,3.3,.771,1.0,7.7,8.7,3.7,1.3,0.7,2.4,3.5,17.1,
Shaquille Harrison,PG,26,CHI,6,0,23,4.7,17.2,.273,0.0,1.6,.000,4.7,15.7,.300,6.3,9.4,.667,0.0,11.0,11.0,3.1,0.0,1.6,0.0,6.3,15.7,
Josh Hart,SF,24,NOP,10,4,277,5.6,12.1,.462,2.9,7.4,.386,2.7,4.7,.583,2.3,2.9,.818,1.7,6.9,8.6,1.8,1.8,0.5,1.8,3.8,16.4,
Udonis Haslem,PF,39,MIA,1,0,5,7.2,7.2,1.000,0.0,0.0,,7.2,7.2,1.000,0.0,0.0,,0.0,14.4,14.4,0.0,0.0,0.0,0.0,14.4,14.4,
Jaxson Hayes,C,19,NOP,7,0,98,7.0,10.3,.679,0.0,0.7,.000,7.0,9.6,.731,2.9,5.5,.533,3.3,4.8,8.1,1.8,1.5,1.5,1.5,7.7,16.9,
Gordon Hayward,SF,29,BOS,8,8,249,8.8,15.9,.555,1.9,4.3,.433,6.9,11.6,.600,2.3,2.7,.842,0.9,7.4,8.2,4.8,0.9,0.3,2.2,2.2,21.8,
John Henson,PF,29,CLE,1,0,8,4.5,9.0,.500,0.0,4.5,.000,4.5,4.5,1.000,4.5,27.0,.167,9.0,4.5,13.5,0.0,9.0,9.0,4.5,0.0,13.5,
Juan Hernangómez,PF,24,DEN,3,0,19,1.9,9.5,.200,1.9,7.6,.250,0.0,1.9,.000,0.0,0.0,,0.0,1.9,1.9,0.0,0.0,1.9,0.0,0.0,5.7,
Willy Hernangómez,C,25,CHO,3,0,28,6.4,12.9,.500,1.3,2.6,.500,5.1,10.3,.500,0.0,0.0,,5.1,2.6,7.7,1.3,1.3,2.6,2.6,1.3,14.1,
Tyler Herro,SG,20,MIA,9,3,263,5.6,13.4,.418,2.2,5.9,.372,3.4,7.5,.455,2.7,3.3,.833,0.3,5.6,5.9,2.7,1.1,0.0,2.2,1.6,16.2,
Mario Hezonja,SF,24,POR,12,4,267,3.0,9.3,.319,1.1,3.4,.320,1.9,5.9,.318,1.9,2.3,.824,1.5,8.0,9.4,1.8,1.5,0.3,1.8,4.2,8.9,
Buddy Hield,SG,27,SAC,10,10,309,7.9,19.2,.412,4.0,10.5,.378,4.0,8.7,.453,1.5,1.7,.867,0.9,4.1,5.0,1.7,0.7,0.6,3.3,2.9,21.3,
George Hill,PG,33,MIL,10,0,229,5.8,10.4,.561,2.4,4.1,.577,3.5,6.3,.550,1.9,2.7,.706,2.0,2.8,4.9,4.6,1.4,0.2,0.8,2.8,15.9,
Solomon Hill,SF,28,MEM,9,0,156,4.6,10.2,.455,2.8,6.0,.462,1.8,4.2,.444,1.6,2.8,.583,0.9,5.1,6.0,3.5,1.6,0.2,2.1,3.5,13.6,
Jaylen Hoard,SF,20,POR,1,0,0,,,,,,,,,,,,,,,,,,,,,,
Aaron Holiday,PG,23,IND,9,4,187,4.8,12.5,.385,2.5,5.6,.448,2.3,6.9,.333,1.3,1.5,.875,0.6,3.5,4.0,4.6,1.5,0.2,1.7,2.9,13.5,
Jrue Holiday,SG,29,NOP,8,8,280,5.7,15.6,.364,1.3,5.5,.233,4.4,10.0,.436,2.4,3.2,.760,0.8,4.8,5.5,7.5,1.9,0.8,3.0,2.6,15.0,
Justin Holiday,SG,30,IND,11,0,259,3.1,8.9,.344,1.8,5.8,.310,1.3,3.1,.409,1.3,1.7,.750,0.7,5.3,6.0,1.9,1.0,1.3,1.0,3.1,9.2,
Rondae Hollis-Jefferson,SF,25,TOR,4,0,74,6.8,12.2,.560,0.0,0.0,,6.8,12.2,.560,3.9,4.9,.800,5.4,5.8,11.2,1.9,1.9,1.0,2.9,4.9,17.5,
Richaun Holmes,C,26,SAC,10,6,257,6.3,9.7,.652,0.0,0.0,,6.3,9.7,.652,1.5,2.2,.688,3.5,6.7,10.2,1.3,1.0,2.0,1.4,5.3,14.1,
Rodney Hood,SF,27,POR,10,10,296,5.2,10.5,.500,2.4,5.0,.488,2.8,5.5,.511,1.7,2.1,.824,0.9,3.6,4.5,0.7,1.0,0.5,1.3,2.9,14.6,
Al Horford,PF,33,PHI,10,10,316,7.2,16.4,.438,1.8,5.7,.320,5.4,10.7,.500,1.7,2.7,.625,2.4,6.2,8.5,4.3,1.1,1.1,1.5,3.5,17.9,
Danuel House,SF,26,HOU,10,9,292,4.7,9.9,.475,3.1,6.8,.455,1.6,3.1,.520,2.1,2.6,.810,0.9,5.2,6.0,0.9,1.5,1.2,1.2,2.5,14.5,
Dwight Howard,C,34,LAL,11,0,224,5.9,7.9,.755,0.0,0.0,,5.9,7.9,.755,1.8,3.4,.524,3.9,9.6,13.5,2.1,0.8,2.7,2.1,7.4,13.7,
Kevin Huerter,SG,21,ATL,10,3,225,5.1,12.0,.427,2.7,7.0,.386,2.4,5.0,.484,1.9,2.4,.800,1.0,4.6,5.6,4.5,1.0,0.5,2.7,3.4,14.9,
De'Andre Hunter,SF,22,ATL,10,10,298,4.0,10.6,.375,1.4,4.6,.316,2.5,6.0,.420,1.7,2.3,.737,0.6,4.8,5.4,1.8,0.5,0.4,1.7,2.7,11.1,
Chandler Hutchison,SF,23,CHI,4,2,78,5.5,10.2,.545,1.4,2.3,.600,4.2,7.8,.529,3.2,6.5,.500,0.5,6.0,6.5,0.9,0.9,0.9,2.3,5.1,15.7,
Serge Ibaka,C,30,TOR,8,0,183,8.7,16.5,.524,1.0,3.1,.313,7.7,13.4,.574,3.7,4.5,.826,1.4,8.9,10.2,1.2,1.0,2.0,3.3,3.7,22.0,
Ersan İlyasova,PF,32,MIL,10,0,168,4.5,11.1,.404,1.7,6.4,.267,2.8,4.7,.591,2.1,2.6,.833,2.4,9.0,11.4,1.1,1.1,1.1,1.1,4.9,12.9,
Joe Ingles,SF,32,UTA,11,1,310,2.9,8.6,.338,1.6,5.8,.280,1.3,2.8,.458,1.4,1.6,.857,0.2,4.9,5.1,4.5,0.9,0.2,1.7,3.3,8.8,
Brandon Ingram,PF,22,NOP,9,9,289,10.8,20.2,.537,2.9,6.1,.469,8.0,14.1,.566,4.5,6.2,.720,1.2,7.0,8.2,4.4,0.9,1.0,3.5,3.4,29.0,
Kyrie Irving,PG,27,BRK,10,10,337,11.1,24.8,.448,3.2,9.2,.349,7.9,15.6,.507,6.3,6.7,.937,1.0,4.7,5.7,7.5,1.2,0.6,2.8,3.0,31.7,
Jonathan Isaac,SF,22,ORL,11,11,337,5.2,10.6,.495,1.5,4.2,.359,3.7,6.4,.583,2.2,2.5,.913,1.4,6.3,7.7,1.9,1.5,3.3,1.9,2.6,14.2,
Wesley Iwundu,SF,25,ORL,3,0,28,1.3,14.1,.091,0.0,6.4,.000,1.3,7.7,.167,2.6,5.1,.500,1.3,9.0,10.3,1.3,0.0,0.0,2.6,1.3,5.1,
Frank Jackson,PG,21,NOP,10,0,181,7.2,17.3,.414,2.4,7.6,.316,4.8,9.7,.490,3.2,4.0,.800,0.6,1.6,2.2,3.0,1.6,0.2,3.0,4.0,19.9,
Jaren Jackson,C,20,MEM,10,10,267,7.3,15.1,.482,2.0,5.4,.375,5.3,9.7,.542,2.7,3.4,.800,1.9,5.1,7.0,2.0,0.7,1.5,3.1,5.1,19.3,
Justin Jackson,SF,24,DAL,10,0,134,6.2,12.4,.500,2.7,5.9,.455,3.5,6.4,.542,2.1,2.7,.800,1.6,5.1,6.7,0.8,0.3,0.0,1.1,2.4,17.2,
Reggie Jackson,PG,29,DET,2,2,36,4.0,11.0,.364,1.0,5.0,.200,3.0,6.0,.500,1.0,1.0,1.000,1.0,4.0,5.0,8.0,0.0,0.0,1.0,2.0,10.0,
Justin James,SG,23,SAC,3,0,12,9.0,21.0,.429,0.0,6.0,.000,9.0,15.0,.600,3.0,12.0,.250,0.0,6.0,6.0,3.0,3.0,3.0,0.0,0.0,21.0,
LeBron James,SF,35,LAL,11,11,380,9.4,19.7,.476,1.6,5.3,.304,7.8,14.4,.539,4.5,6.6,.686,1.0,7.3,8.3,11.6,1.1,0.7,3.5,1.5,24.9,
Amile Jefferson,PF,26,ORL,2,0,9,12.0,12.0,1.000,0.0,0.0,,12.0,12.0,1.000,0.0,0.0,,8.0,4.0,12.0,8.0,0.0,0.0,4.0,0.0,24.0,
Alize Johnson,PF,23,IND,3,0,24,3.0,6.0,.500,0.0,0.0,,3.0,6.0,.500,1.5,1.5,1.000,4.5,4.5,9.0,1.5,0.0,0.0,0.0,4.5,7.5,
Cameron Johnson,SF,23,PHO,8,0,129,5.9,12.8,.457,3.3,8.4,.400,2.5,4.5,.563,1.4,1.7,.833,1.4,4.7,6.1,1.4,0.8,0.6,1.4,4.2,16.5,
James Johnson,PF,32,MIA,4,0,57,5.1,10.7,.471,1.3,5.1,.250,3.8,5.7,.667,1.3,2.5,.500,1.3,5.1,6.3,2.5,1.9,1.3,1.9,2.5,12.6,
Stanley Johnson,SF,23,TOR,5,0,19,5.7,17.1,.333,1.9,7.6,.250,3.8,9.5,.400,0.0,0.0,,3.8,9.5,13.3,0.0,1.9,0.0,7.6,11.4,13.3,
Tyler Johnson,PG,27,PHO,10,0,185,5.6,13.0,.433,2.5,6.4,.394,3.1,6.6,.471,1.6,1.9,.800,0.2,2.3,2.5,3.3,0.4,0.2,1.8,2.9,15.4,
Nikola Jokić,C,24,DEN,10,10,312,7.6,17.4,.437,1.3,5.7,.224,6.3,11.8,.539,3.1,4.2,.750,2.1,8.3,10.4,7.0,1.6,0.8,2.9,3.9,19.6,
Damian Jones,C,24,ATL,9,1,132,5.5,7.9,.690,0.3,0.5,.500,5.2,7.4,.704,0.8,1.6,.500,2.5,4.1,6.5,1.4,1.1,1.4,0.8,6.0,12.0,
Derrick Jones,SF,22,MIA,4,0,57,7.6,12.6,.600,0.6,2.5,.250,6.9,10.1,.688,1.9,1.9,1.000,1.9,3.2,5.1,1.3,1.9,0.0,1.3,6.9,17.7,
Tyus Jones,PG,23,MEM,11,1,239,5.0,12.2,.407,0.6,3.5,.174,4.4,8.7,.500,2.0,2.9,.684,0.0,2.1,2.1,8.3,1.8,0.0,2.7,2.3,12.5,
DeAndre Jordan,C,31,BRK,9,3,202,5.7,8.7,.653,0.0,0.0,,5.7,8.7,.653,1.8,3.4,.526,3.9,12.8,16.8,3.2,0.9,2.0,2.1,3.9,13.2,
Cory Joseph,PG,28,SAC,10,1,193,4.5,11.0,.407,0.7,2.6,.286,3.7,8.4,.444,1.7,1.7,1.000,1.5,2.8,4.3,4.3,0.7,1.1,2.6,3.7,11.4,
Mfiondu Kabengele,C,22,LAC,3,0,7,5.1,10.3,.500,5.1,10.3,.500,0.0,0.0,,0.0,0.0,,0.0,5.1,5.1,0.0,0.0,5.1,0.0,5.1,15.4,
Frank Kaminsky,C,26,PHO,10,0,242,4.8,12.3,.386,1.0,5.2,.200,3.7,7.1,.521,4.0,5.7,.711,1.0,7.9,8.9,3.6,0.4,0.6,2.2,3.3,14.6,
Enes Kanter,C,27,BOS,3,2,56,6.4,9.0,.714,0.0,0.6,.000,6.4,8.4,.769,4.5,8.4,.538,5.1,6.4,11.6,2.6,0.6,0.0,0.6,3.2,17.4,
Luke Kennard,SG,23,DET,12,9,404,6.6,14.5,.454,3.2,7.8,.414,3.4,6.8,.500,3.8,4.4,.878,0.4,3.7,4.0,4.5,0.4,0.0,1.7,2.3,20.2,
Stanton Kidd,SF,27,UTA,4,0,15,0.0,7.2,.000,0.0,2.4,.000,0.0,4.8,.000,0.0,0.0,,0.0,7.2,7.2,2.4,0.0,0.0,4.8,7.2,0.0,
Michael Kidd-Gilchrist,SF,26,CHO,1,0,10,7.2,25.2,.286,3.6,3.6,1.000,3.6,21.6,.167,0.0,0.0,,3.6,10.8,14.4,0.0,0.0,0.0,3.6,3.6,18.0,
Maxi Kleber,PF,28,DAL,9,4,248,4.5,9.9,.456,2.5,6.1,.405,2.0,3.8,.538,1.9,2.2,.867,2.2,6.4,8.6,1.6,0.3,1.5,1.0,3.2,13.4,
Brandon Knight,PG,28,CLE,3,0,38,4.7,14.2,.333,4.7,12.3,.385,0.0,1.9,.000,0.9,1.9,.500,0.0,2.8,2.8,6.6,0.9,0.0,2.8,5.7,15.2,
Kevin Knox,SF,20,NYK,11,0,260,5.0,11.9,.419,2.8,6.2,.444,2.2,5.7,.390,2.9,4.4,.656,1.1,4.0,5.1,2.4,1.1,0.4,1.2,3.2,15.6,
John Konchar,SG,23,MEM,1,0,7,0.0,0.0,,0.0,0.0,,0.0,0.0,,0.0,0.0,,0.0,0.0,0.0,0.0,0.0,0.0,0.0,0.0,0.0,
Furkan Korkmaz,SG,22,PHI,11,3,251,5.5,11.9,.458,3.2,7.7,.407,2.3,4.2,.552,1.3,1.7,.750,0.3,3.3,3.6,1.3,0.3,0.6,1.3,2.6,15.3,
Luke Kornet,C,24,CHI,10,0,116,4.7,13.3,.349,1.6,7.1,.217,3.1,6.2,.500,1.6,1.6,1.000,1.6,4.3,5.9,1.9,0.3,2.2,0.9,3.1,12.4,
Kyle Korver,SG,38,MIL,8,0,127,5.7,12.5,.455,4.8,9.9,.486,0.9,2.6,.333,0.9,1.4,.600,1.1,2.8,4.0,0.3,0.6,0.3,2.0,2.6,17.0,
Rodions Kurucs,SF,21,BRK,8,0,92,2.7,7.0,.389,1.2,1.6,.750,1.6,5.5,.286,0.8,2.3,.333,2.0,5.9,7.8,0.4,1.6,0.0,4.3,5.9,7.4,
Kyle Kuzma,PF,24,LAL,7,1,161,8.3,18.1,.457,2.7,9.4,.286,5.6,8.7,.641,2.2,2.9,.769,0.9,5.6,6.5,0.9,0.2,0.2,2.9,3.4,21.5,
Skal Labissière,PF,23,POR,12,0,178,4.9,9.5,.511,0.0,0.2,.000,4.9,9.3,.522,2.0,3.2,.625,4.9,5.9,10.7,2.4,0.4,2.2,3.0,6.3,11.7,
Jeremy Lamb,SG,27,IND,5,5,165,6.8,14.8,.456,1.3,4.6,.286,5.5,10.3,.532,3.7,4.4,.850,1.1,5.9,7.0,2.4,1.5,0.9,1.3,3.1,18.5,
Romeo Langford,SG,20,BOS,1,0,0,,,,,,,,,,,,,,,,,,,,,,
Zach LaVine,SG,24,CHI,11,11,352,8.3,19.2,.431,2.7,7.4,.361,5.6,11.9,.474,3.3,4.3,.762,1.3,3.4,4.7,4.7,1.4,0.6,3.8,3.0,22.5,
Jake Layman,PF,25,MIN,11,0,291,5.8,13.0,.448,2.0,5.6,.356,3.8,7.4,.517,0.7,1.1,.667,1.2,2.6,3.8,1.0,1.4,1.0,1.6,3.2,14.4,
T.J. Leaf,PF,22,IND,9,1,112,4.8,12.5,.385,0.6,1.9,.333,4.2,10.6,.394,1.0,1.3,.750,4.2,7.1,11.3,1.3,1.3,1.0,1.6,4.2,11.3,
Courtney Lee,SG,34,DAL,3,3,26,5.5,12.5,.444,0.0,4.2,.000,5.5,8.3,.667,0.0,0.0,,0.0,1.4,1.4,0.0,0.0,0.0,0.0,2.8,11.1,
Damion Lee,SG,27,GSW,11,0,241,5.2,13.6,.385,1.8,5.2,.343,3.4,8.4,.411,4.2,4.9,.848,1.3,5.1,6.4,3.0,1.2,0.0,1.9,2.7,16.4,
Alex Len,C,26,ATL,10,9,178,4.0,10.1,.400,0.6,3.8,.158,3.4,6.3,.548,2.0,3.4,.588,2.4,7.1,9.5,1.8,0.6,3.0,2.0,4.4,10.7,
Kawhi Leonard,SF,28,LAC,9,9,292,10.5,23.8,.440,1.7,6.0,.286,8.8,17.8,.493,7.0,8.3,.851,1.5,8.4,9.9,6.7,2.3,1.1,4.6,2.7,29.7,
Meyers Leonard,C,27,MIA,10,10,196,5.3,8.6,.617,2.0,3.1,.647,3.3,5.5,.600,0.7,1.3,.571,0.7,6.6,7.3,1.5,0.9,1.1,2.0,5.1,13.4,
Caris LeVert,SG,25,BRK,9,9,284,7.5,17.7,.421,1.6,4.6,.361,5.8,13.2,.442,2.5,3.9,.645,1.3,4.4,5.7,4.6,0.8,0.1,3.9,2.5,19.1,
Damian Lillard,PG,29,POR,12,12,461,9.2,19.1,.482,3.4,8.9,.386,5.8,10.2,.565,6.7,7.3,.915,0.4,4.1,4.5,6.5,1.2,0.6,2.7,2.0,28.6,
Nassir Little,SF,19,POR,5,1,56,3.9,12.2,.316,0.6,3.9,.167,3.2,8.4,.385,1.3,1.3,1.000,1.9,4.5,6.4,0.0,1.3,1.3,0.6,5.8,9.6,
Kevon Looney,C,23,GSW,1,1,10,3.6,14.4,.250,3.6,3.6,1.000,0.0,10.8,.000,0.0,0.0,,18.0,14.4,32.4,3.6,0.0,0.0,3.6,10.8,10.8,
Brook Lopez,C,31,MIL,10,10,273,4.5,11.6,.386,2.1,7.1,.296,2.4,4.5,.529,2.5,2.8,.905,0.7,5.0,5.7,2.1,0.8,2.9,1.6,3.6,13.6,
Robin Lopez,C,31,MIL,10,0,145,3.7,8.7,.429,0.7,4.0,.188,3.0,4.7,.632,1.2,2.7,.455,1.0,4.2,5.2,1.5,0.5,1.2,2.5,4.0,9.4,
Kevin Love,PF,31,CLE,10,10,328,6.0,13.2,.458,2.2,6.5,.339,3.8,6.7,.574,6.0,6.9,.873,1.2,13.0,14.2,3.7,0.8,0.5,3.4,1.9,20.3,
Kyle Lowry,PG,33,TOR,8,8,289,6.7,14.1,.478,3.6,8.5,.426,3.1,5.6,.556,4.6,5.2,.881,0.2,4.0,4.2,6.5,1.1,0.4,3.4,2.9,21.7,
Trey Lyles,PF,24,SAS,11,11,223,3.2,6.6,.488,1.1,3.1,.368,2.1,3.6,.591,0.6,1.1,.571,3.2,11.0,14.2,2.4,0.3,0.5,1.5,2.4,8.2,
Daryl Macon,SG,24,MIA,2,0,8,4.5,4.5,1.000,4.5,4.5,1.000,0.0,0.0,,0.0,0.0,,0.0,0.0,0.0,0.0,0.0,0.0,0.0,4.5,13.5,
Josh Magette,PG,30,ORL,1,0,6,12.0,24.0,.500,0.0,0.0,,12.0,24.0,.500,0.0,0.0,,6.0,0.0,6.0,6.0,6.0,0.0,0.0,0.0,24.0,
Thon Maker,C,22,DET,12,0,174,3.1,6.2,.500,0.8,2.1,.400,2.3,4.1,.550,2.5,4.1,.600,1.4,4.1,5.6,1.0,0.8,2.3,1.7,4.3,9.5,
Terance Mann,SG,23,LAC,7,0,16,6.8,9.0,.750,0.0,0.0,,6.8,9.0,.750,0.0,0.0,,2.3,9.0,11.3,11.3,2.3,0.0,4.5,6.8,13.5,
Boban Marjanović,C,31,DAL,4,1,44,9.0,18.0,.500,0.0,0.0,,9.0,18.0,.500,2.5,3.3,.750,5.7,10.6,16.4,2.5,0.8,0.8,4.1,4.9,20.5,
Lauri Markkanen,PF,22,CHI,11,11,333,5.5,14.3,.386,1.9,7.1,.273,3.6,7.1,.500,4.5,5.5,.824,1.2,7.7,8.9,2.5,1.2,0.6,2.7,1.7,17.5,
Caleb Martin,SF,24,CHO,3,0,25,2.9,13.0,.222,0.0,4.3,.000,2.9,8.6,.333,1.4,4.3,.333,0.0,5.8,5.8,4.3,1.4,2.9,4.3,2.9,7.2,
Cody Martin,SF,24,CHO,10,0,135,2.9,7.2,.407,0.3,2.9,.091,2.7,4.3,.625,3.2,4.0,.800,1.1,5.9,6.9,2.7,2.1,0.3,0.8,3.7,9.3,
Kelan Martin,SF,24,MIN,1,0,5,0.0,21.6,.000,0.0,7.2,.000,0.0,14.4,.000,0.0,0.0,,0.0,7.2,7.2,0.0,0.0,0.0,0.0,7.2,0.0,
Garrison Mathews,SG,23,WAS,2,0,14,0.0,5.1,.000,0.0,5.1,.000,0.0,0.0,,0.0,0.0,,0.0,2.6,2.6,5.1,0.0,0.0,2.6,7.7,0.0,
Wesley Matthews,SG,33,MIL,10,10,242,3.6,8.3,.429,2.1,6.2,.333,1.5,2.1,.714,0.3,0.4,.667,0.1,2.7,2.8,1.5,1.3,0.1,0.7,1.3,9.5,
Patrick McCaw,SF,24,TOR,2,0,40,2.7,4.5,.600,0.9,2.7,.333,1.8,1.8,1.000,0.9,1.8,.500,1.8,3.6,5.4,2.7,2.7,0.0,2.7,2.7,7.2,
CJ McCollum,SG,28,POR,12,12,450,7.8,19.3,.407,1.6,5.1,.313,6.2,14.2,.441,2.0,2.6,.781,0.9,3.4,4.2,3.0,0.7,0.6,2.2,3.1,19.3,
T.J. McConnell,PG,27,IND,11,0,187,6.2,12.7,.485,0.0,0.2,.000,6.2,12.5,.492,0.8,0.8,1.000,1.2,5.2,6.4,9.4,1.2,0.6,2.7,2.7,13.1,
Jalen McDaniels,PF,22,CHO,1,0,3,12.0,24.0,.500,0.0,0.0,,12.0,24.0,.500,0.0,0.0,,12.0,0.0,12.0,0.0,0.0,0.0,0.0,0.0,24.0,
Doug McDermott,PF,28,IND,11,0,227,5.9,13.6,.430,2.9,7.0,.409,3.0,6.7,.452,1.0,1.1,.857,0.8,3.8,4.6,2.5,0.3,0.2,1.9,3.5,15.5,
JaVale McGee,C,32,LAL,11,11,183,7.9,11.8,.667,0.0,0.0,,7.9,11.8,.667,1.2,2.2,.545,4.1,8.5,12.6,2.2,1.2,2.6,2.6,4.1,16.9,
Rodney McGruder,SG,28,LAC,7,0,91,1.2,5.1,.231,0.4,2.4,.167,0.8,2.8,.286,0.0,0.8,.000,0.8,3.6,4.4,0.8,0.4,0.4,1.6,4.4,2.8,
Alfonzo McKinnie,SF,27,CLE,5,0,17,2.1,2.1,1.000,2.1,2.1,1.000,0.0,0.0,,0.0,0.0,,2.1,6.4,8.5,0.0,0.0,0.0,2.1,6.4,6.4,
Jordan McLaughlin,PG,23,MIN,4,0,57,2.5,9.5,.267,0.6,5.1,.125,1.9,4.4,.429,1.3,1.3,1.000,0.6,3.8,4.4,5.1,0.6,0.0,2.5,2.5,6.9,
Ben McLemore,SG,26,HOU,11,1,177,3.7,11.0,.333,3.1,10.0,.306,0.6,1.0,.600,1.6,2.2,.727,0.4,1.8,2.2,1.8,1.2,0.2,0.8,3.7,12.0,
Jordan McRae,SG,28,WAS,4,0,45,5.6,10.4,.538,0.8,2.4,.333,4.8,8.0,.600,1.6,1.6,1.000,0.8,6.4,7.2,3.2,0.0,0.0,2.4,7.2,13.6,
Nicolò Melli,C,29,NOP,8,3,101,5.3,11.0,.484,1.8,6.4,.278,3.6,4.6,.769,2.9,3.6,.800,1.8,4.6,6.4,2.5,0.4,0.7,3.6,4.3,15.3,
De'Anthony Melton,PG,21,MEM,4,0,35,5.1,15.4,.333,1.0,5.1,.200,4.1,10.3,.400,0.0,2.1,.000,1.0,3.1,4.1,5.1,4.1,0.0,4.1,1.0,11.3,
Chimezie Metu,PF,22,SAS,4,0,18,12.0,22.0,.545,0.0,0.0,,12.0,22.0,.545,2.0,4.0,.500,14.0,6.0,20.0,4.0,0.0,4.0,0.0,0.0,26.0,
Khris Middleton,SF,28,MIL,10,10,308,7.6,16.2,.468,2.8,7.1,.393,4.8,9.1,.526,3.6,4.1,.886,0.8,5.8,6.7,3.4,0.9,0.1,2.7,3.5,21.6,
C.J. Miles,SG,32,WAS,4,0,71,4.6,15.2,.300,2.0,8.6,.235,2.5,6.6,.385,2.5,2.5,1.000,1.5,3.5,5.1,2.5,1.0,1.5,0.0,4.1,13.7,
Malcolm Miller,SG,26,TOR,3,1,17,0.0,4.2,.000,0.0,4.2,.000,0.0,0.0,,0.0,0.0,,0.0,8.5,8.5,2.1,0.0,0.0,2.1,4.2,0.0,
Patty Mills,PG,31,SAS,11,0,230,7.0,14.6,.484,3.6,8.0,.451,3.4,6.6,.524,3.0,3.6,.826,0.5,2.0,2.5,2.8,1.4,0.0,2.2,3.0,20.7,
Paul Millsap,PF,34,DEN,10,10,269,5.4,11.9,.449,1.7,3.5,.500,3.6,8.4,.429,4.7,5.0,.946,2.5,5.6,8.2,1.7,0.8,1.1,1.3,3.9,17.1,
Shake Milton,SG,23,PHI,4,0,35,7.2,17.5,.412,4.1,12.3,.333,3.1,5.1,.600,4.1,5.1,.800,0.0,3.1,3.1,4.1,0.0,0.0,4.1,7.2,22.6,
Donovan Mitchell,SG,23,UTA,11,11,382,9.8,20.3,.484,1.9,4.6,.408,7.9,15.6,.506,4.5,5.7,.787,1.3,4.1,5.4,4.2,1.6,0.1,2.5,2.6,26.0,
Naz Mitrou-Long,SG,26,IND,1,0,3,0.0,12.0,.000,0.0,12.0,.000,0.0,0.0,,0.0,0.0,,0.0,0.0,0.0,12.0,0.0,12.0,0.0,0.0,0.0,
Malik Monk,SG,21,CHO,11,0,223,6.5,13.2,.488,1.8,6.0,.297,4.7,7.3,.644,1.6,2.1,.769,0.3,4.5,4.8,4.2,0.5,0.5,3.1,3.2,16.3,
E'Twaun Moore,SG,30,NOP,5,0,83,6.9,15.6,.444,1.3,5.6,.231,5.6,10.0,.565,1.7,2.2,.800,1.3,3.9,5.2,2.2,0.9,0.0,0.9,3.0,16.9,
Ja Morant,PG,20,MEM,10,10,275,9.3,19.2,.483,1.0,2.4,.444,8.2,16.9,.488,4.3,5.9,.733,1.4,2.9,4.3,7.6,1.3,0.3,5.2,2.9,24.0,
Marcus Morris,PF,30,NYK,11,11,375,6.1,15.0,.410,2.6,6.1,.422,3.6,8.8,.402,4.6,5.7,.814,1.1,5.3,6.3,1.2,1.2,0.8,2.4,3.5,19.5,
Markieff Morris,PF,30,DET,12,11,314,6.0,12.8,.464,2.3,5.6,.408,3.7,7.2,.508,2.2,3.0,.731,0.5,4.8,5.3,2.6,1.0,0.1,3.1,3.9,16.4,
Monte Morris,PG,24,DEN,10,0,178,5.7,14.0,.406,0.8,2.0,.400,4.9,11.9,.407,1.6,1.8,.889,0.2,2.8,3.0,6.9,0.6,0.4,1.0,1.0,13.8,
Johnathan Motley,PF,24,LAC,2,0,4,9.0,27.0,.333,9.0,9.0,1.000,0.0,18.0,.000,0.0,0.0,,9.0,9.0,18.0,18.0,0.0,0.0,18.0,9.0,27.0,
Emmanuel Mudiay,PG,23,UTA,8,0,143,7.8,15.6,.500,0.8,3.3,.231,7.0,12.3,.571,3.8,4.5,.833,0.3,5.0,5.3,6.0,1.0,0.8,4.0,3.0,20.1,
Dejounte Murray,PG,23,SAS,10,10,227,6.3,13.6,.465,0.3,1.6,.200,6.0,12.1,.500,4.3,5.4,.794,1.9,9.7,11.6,7.5,2.2,0.8,4.4,3.6,17.3,
Jamal Murray,PG,22,DEN,10,10,336,7.5,16.8,.446,1.6,4.8,.333,5.9,12.0,.491,3.4,4.0,.865,1.0,4.2,5.1,4.9,1.1,0.4,2.8,2.5,20.0,
Džanan Musa,SG,20,BRK,5,0,48,6.8,13.5,.500,0.7,6.8,.111,6.0,6.8,.889,3.0,3.0,1.000,0.0,5.2,5.2,0.7,0.0,0.0,3.0,3.0,17.2,
Mike Muscala,C,28,OKC,10,0,120,3.3,12.0,.275,2.4,10.2,.235,0.9,1.8,.500,1.5,1.8,.833,1.2,6.0,7.2,3.6,0.3,0.9,1.5,5.1,10.5,
Sviatoslav Mykhailiuk,SG,22,DET,7,0,93,3.9,8.9,.435,3.5,6.6,.529,0.4,2.3,.167,0.8,0.8,1.000,0.4,3.1,3.5,3.1,0.0,0.4,3.5,2.3,12.0,
Abdel Nader,SF,26,OKC,5,0,61,3.5,11.8,.300,1.8,6.5,.273,1.8,5.3,.333,1.8,2.4,.750,1.2,4.7,5.9,1.8,0.0,0.6,4.7,3.0,10.6,
Larry Nance,C,27,CLE,10,0,245,4.8,9.7,.500,1.5,4.0,.370,3.4,5.7,.590,2.1,2.6,.778,2.2,7.9,10.1,1.8,1.5,0.6,1.6,2.8,13.2,
Shabazz Napier,PG,28,MIN,6,0,133,3.5,11.6,.302,1.9,8.4,.226,1.6,3.2,.500,3.8,4.3,.875,0.3,3.8,4.1,7.3,2.4,0.8,3.2,1.1,12.7,
Raul Neto,PG,27,PHI,10,2,143,5.5,10.3,.537,1.3,2.5,.500,4.3,7.8,.548,0.5,0.5,1.000,0.3,3.0,3.3,5.0,1.5,0.5,3.3,1.3,12.8,
Georges Niang,PF,26,UTA,9,0,82,4.0,8.3,.474,1.8,5.7,.308,2.2,2.6,.833,2.2,2.6,.833,0.0,4.0,4.0,1.8,0.0,0.0,1.8,6.1,11.9,
Nerlens Noel,C,25,OKC,11,3,194,5.8,8.9,.646,0.0,0.0,,5.8,8.9,.646,2.6,3.2,.824,1.9,6.1,8.0,3.5,1.7,3.5,2.4,5.4,14.1,
Zach Norvell,SG,22,LAL,2,0,5,0.0,7.2,.000,0.0,0.0,,0.0,7.2,.000,0.0,0.0,,0.0,7.2,7.2,0.0,0.0,0.0,0.0,0.0,0.0,
Jaylen Nowell,SG,20,MIN,1,0,1,0.0,0.0,,0.0,0.0,,0.0,0.0,,0.0,0.0,,0.0,0.0,0.0,0.0,0.0,0.0,0.0,0.0,0.0,
Frank Ntilikina,PG,21,NYK,10,6,247,2.9,7.9,.370,1.2,3.2,.364,1.7,4.7,.375,0.4,0.9,.500,0.7,2.9,3.6,4.2,2.2,1.3,1.9,3.2,7.4,
Kendrick Nunn,SG,24,MIA,10,10,292,8.0,17.9,.448,2.8,7.4,.383,5.2,10.5,.494,2.0,2.3,.842,0.1,2.7,2.8,3.5,2.0,0.4,2.8,3.1,20.8,
David Nwaba,SG,27,BRK,7,0,85,2.1,3.8,.556,0.4,1.3,.333,1.7,2.5,.667,2.1,3.4,.625,0.8,6.8,7.6,1.3,0.8,2.5,2.1,5.5,6.8,
Royce O'Neale,PF,26,UTA,11,10,308,2.9,5.3,.556,1.4,2.7,.522,1.5,2.6,.591,0.7,0.7,1.000,0.1,5.4,5.5,2.7,0.8,0.5,1.4,3.7,7.9,
Kyle O'Quinn,C,29,PHI,10,0,100,5.8,11.2,.516,1.8,4.3,.417,4.0,6.8,.579,0.7,2.2,.333,4.7,7.9,12.6,5.0,0.7,2.2,3.2,5.8,14.0,
Semi Ojeleye,PF,25,BOS,10,0,94,1.5,4.6,.333,0.4,1.9,.200,1.1,2.7,.429,1.1,1.9,.600,0.8,3.8,4.6,0.8,0.4,0.0,0.4,3.4,4.6,
Jahlil Okafor,C,24,NOP,9,5,159,7.9,12.2,.648,0.0,0.0,,7.9,12.2,.648,4.3,6.3,.679,3.6,6.3,10.0,2.5,0.9,2.3,3.4,5.7,20.2,
Elie Okobo,PG,22,PHO,5,0,17,8.5,14.8,.571,2.1,6.4,.333,6.4,8.5,.750,4.2,8.5,.500,0.0,4.2,4.2,8.5,2.1,0.0,0.0,2.1,23.3,
Josh Okogie,SG,21,MIN,11,2,274,3.8,9.3,.408,0.8,3.3,.240,3.0,6.0,.500,3.9,5.6,.698,2.8,5.5,8.3,2.9,2.0,0.4,2.4,3.7,12.4,
KZ Okpala,SF,20,MIA,2,0,3,0.0,0.0,,0.0,0.0,,0.0,0.0,,0.0,0.0,,0.0,12.0,12.0,0.0,0.0,0.0,12.0,0.0,0.0,
Kelly Olynyk,C,28,MIA,10,0,224,4.0,10.9,.368,2.4,6.8,.357,1.6,4.2,.385,1.8,2.3,.786,1.3,6.6,7.9,3.2,1.6,0.8,2.3,5.9,12.2,
Miye Oni,SG,22,UTA,1,0,2,0.0,0.0,,0.0,0.0,,0.0,0.0,,0.0,0.0,,0.0,0.0,0.0,0.0,0.0,0.0,0.0,0.0,0.0,
Cedi Osman,SF,24,CLE,10,10,306,3.9,9.4,.413,2.1,5.2,.409,1.8,4.2,.417,0.5,0.7,.667,0.4,2.9,3.3,2.6,1.3,0.2,1.2,2.8,10.4,
Kelly Oubre,SF,24,PHO,10,10,291,6.8,14.5,.470,1.6,4.6,.351,5.2,9.9,.525,4.1,5.2,.786,1.7,4.8,6.6,1.9,1.1,1.0,2.0,4.1,19.3,
Jabari Parker,PF,24,ATL,10,5,274,9.7,17.6,.552,1.4,5.4,.268,8.3,12.2,.677,2.5,3.5,.704,2.4,5.5,7.9,2.1,1.1,0.9,2.5,4.2,23.4,
Eric Paschall,PF,23,GSW,11,5,337,6.8,13.1,.520,0.6,2.7,.240,6.2,10.5,.592,4.0,4.5,.881,1.3,3.7,5.0,1.5,0.6,0.4,1.5,2.2,18.3,
Patrick Patterson,PF,30,LAC,11,11,213,3.2,9.1,.352,2.5,6.8,.375,0.7,2.4,.286,0.3,0.7,.500,1.9,4.9,6.8,2.0,0.3,0.2,1.0,2.2,9.3,
Justin Patton,C,22,OKC,1,0,6,0.0,12.0,.000,0.0,6.0,.000,0.0,6.0,.000,0.0,0.0,,0.0,12.0,12.0,0.0,0.0,0.0,6.0,18.0,0.0,
Chris Paul,PG,34,OKC,11,11,324,6.0,13.3,.450,2.2,5.2,.426,3.8,8.1,.466,4.4,5.3,.833,0.2,4.2,4.4,6.7,2.2,0.0,3.2,2.4,18.7,
Elfrid Payton,PG,25,NYK,4,3,102,3.9,10.2,.379,1.8,2.8,.625,2.1,7.4,.286,1.8,2.1,.833,1.1,3.2,4.2,5.3,3.5,0.0,2.5,2.8,11.3,
Theo Pinson,SG,24,BRK,2,0,10,3.6,14.4,.250,0.0,10.8,.000,3.6,3.6,1.000,7.2,7.2,1.000,0.0,7.2,7.2,10.8,3.6,0.0,3.6,0.0,14.4,
Mason Plumlee,C,29,DEN,10,0,164,4.8,8.3,.579,0.0,0.2,.000,4.8,8.1,.595,3.1,5.7,.538,3.7,8.6,12.3,5.3,1.5,1.5,2.9,6.4,12.7,
Vincent Poirier,C,26,BOS,5,0,29,3.7,9.9,.375,0.0,0.0,,3.7,9.9,.375,1.2,2.5,.500,6.2,3.7,9.9,3.7,1.2,2.5,3.7,7.4,8.7,
Jakob Pöltl,C,24,SAS,11,0,159,4.1,7.9,.514,0.0,0.0,,4.1,7.9,.514,2.0,3.6,.563,5.0,6.3,11.3,3.6,0.9,1.6,2.3,4.5,10.2,
Jordan Poole,SG,20,GSW,12,9,332,4.0,14.2,.282,2.2,7.7,.282,1.8,6.5,.283,2.5,2.6,.958,0.2,2.6,2.8,2.6,1.1,0.3,2.1,3.3,12.7,
Kevin Porter,SG,19,CLE,9,0,168,4.1,11.6,.352,0.6,3.9,.167,3.4,7.7,.444,3.0,3.0,1.000,0.9,4.1,4.9,1.9,0.6,0.9,1.9,4.1,11.8,
Michael Porter,PF,21,DEN,6,0,55,7.9,13.7,.571,1.3,3.3,.400,6.5,10.5,.625,3.3,5.2,.625,3.9,5.2,9.2,0.7,0.0,0.0,2.0,3.3,20.3,
Otto Porter,SF,26,CHI,9,9,226,5.6,13.4,.417,2.5,6.4,.400,3.0,7.0,.432,2.4,3.2,.750,1.3,3.7,4.9,2.2,1.4,0.5,1.1,3.2,16.1,
Bobby Portis,C,24,NYK,11,2,262,5.6,15.0,.376,1.2,4.1,.300,4.4,10.9,.405,1.4,1.9,.714,4.0,7.7,11.7,2.2,1.2,0.5,1.5,2.9,13.9,
Kristaps Porziņģis,PF,24,DAL,9,9,283,7.5,18.7,.401,2.7,7.1,.375,4.8,11.6,.418,3.3,4.8,.684,1.0,8.0,9.0,1.9,0.3,2.8,2.3,4.2,21.0,
Dwight Powell,PF,28,DAL,7,5,186,5.0,7.9,.634,0.2,0.8,.250,4.8,7.2,.676,1.9,3.7,.526,3.5,3.9,7.4,1.5,1.0,0.6,1.9,4.1,12.2,
Norman Powell,SG,26,TOR,11,3,284,4.3,10.6,.405,1.4,5.2,.268,2.9,5.5,.535,2.8,3.3,.846,0.6,5.3,6.0,1.8,0.9,0.6,1.9,2.2,12.8,
Julius Randle,PF,25,NYK,11,11,371,6.2,14.7,.424,0.8,3.7,.211,5.4,11.0,.496,3.5,5.5,.632,3.0,7.3,10.3,4.1,0.9,0.2,4.2,3.5,16.7,
Cam Reddish,SF,20,ATL,10,8,235,2.9,11.6,.250,0.9,4.7,.194,2.0,6.9,.289,1.7,2.1,.786,0.9,4.7,5.7,2.8,1.7,0.3,2.9,2.5,8.4,
J.J. Redick,SG,35,NOP,10,6,249,5.3,13.2,.407,4.3,9.5,.455,1.0,3.6,.280,2.5,3.0,.810,0.3,2.5,2.7,2.0,0.6,0.7,2.6,2.3,17.5,
Josh Richardson,SG,26,PHI,11,11,370,5.5,13.3,.416,1.5,5.2,.283,4.1,8.2,.500,2.6,3.1,.844,0.7,3.3,4.0,4.7,1.6,0.7,3.0,3.2,15.2,
Austin Rivers,SG,27,HOU,11,0,236,4.3,10.4,.412,2.4,6.6,.372,1.8,3.8,.480,0.6,1.4,.444,0.9,3.2,4.1,2.1,0.0,0.2,0.6,2.9,11.6,
Duncan Robinson,PF,25,MIA,10,5,226,5.1,11.6,.438,3.5,8.9,.393,1.6,2.7,.588,0.6,0.6,1.000,0.2,4.0,4.1,1.0,0.5,1.0,1.3,3.5,14.3,
Glenn Robinson,SF,26,GSW,12,12,369,5.0,10.1,.490,1.2,3.2,.364,3.8,6.9,.549,1.2,1.4,.857,2.7,3.8,6.5,2.1,1.3,0.2,1.3,2.0,12.3,
Jerome Robinson,SG,22,LAC,6,0,41,5.3,14.9,.353,1.8,5.3,.333,3.5,9.7,.364,0.0,0.0,,0.0,4.4,4.4,3.5,0.9,0.0,6.1,1.8,12.3,
Justin Robinson,PG,22,WAS,3,0,12,6.0,15.0,.400,3.0,3.0,1.000,3.0,12.0,.250,0.0,0.0,,3.0,6.0,9.0,6.0,0.0,0.0,6.0,0.0,15.0,
Mitchell Robinson,C,21,NYK,7,6,123,8.2,11.4,.718,0.0,0.0,,8.2,11.4,.718,3.2,4.4,.733,6.1,6.1,12.3,1.2,1.5,3.8,1.5,6.4,19.6,
Rajon Rondo,PG,33,LAL,1,0,14,5.1,15.4,.333,2.6,7.7,.333,2.6,7.7,.333,0.0,0.0,,0.0,15.4,15.4,18.0,0.0,0.0,0.0,2.6,12.9,
Derrick Rose,PG,31,DET,7,1,170,11.2,21.6,.520,0.2,1.3,.167,11.0,20.3,.542,5.1,5.7,.889,0.6,1.9,2.5,9.1,1.7,0.8,4.9,1.7,27.7,
Terrence Ross,SG,28,ORL,9,0,200,5.2,15.8,.330,2.3,9.5,.245,2.9,6.3,.457,2.2,2.3,.923,0.7,4.3,5.0,2.0,1.6,0.4,2.5,3.1,14.9,
Terry Rozier,PG,25,CHO,11,11,350,6.7,16.0,.417,2.7,7.0,.382,4.0,9.1,.443,3.0,3.6,.829,0.5,3.9,4.4,5.9,1.2,0.3,3.9,3.0,19.0,
Ricky Rubio,PG,29,PHO,9,9,293,5.5,13.0,.425,1.5,3.7,.400,4.1,9.3,.434,3.4,3.9,.875,0.5,6.6,7.1,9.7,1.7,0.0,2.3,3.3,16.0,
D'Angelo Russell,SG,23,GSW,9,9,290,9.9,22.0,.452,3.4,9.1,.370,6.6,12.9,.510,5.5,7.1,.772,0.2,4.0,4.2,7.4,0.9,0.5,3.1,1.9,28.7,
Domantas Sabonis,C,23,IND,9,9,314,8.4,16.2,.518,0.3,1.3,.273,8.0,14.9,.538,3.3,3.9,.853,3.8,10.0,13.8,4.0,0.7,0.8,2.5,3.9,20.4,
JaKarr Sampson,SF,26,IND,7,6,142,5.3,9.4,.568,0.5,2.3,.222,4.8,7.1,.679,0.5,1.8,.286,1.5,3.8,5.3,0.5,1.3,1.3,1.0,5.1,11.7,
Dario Šarić,PF,25,PHO,10,10,279,4.8,11.4,.420,2.2,5.8,.378,2.6,5.5,.465,1.3,1.7,.769,1.7,6.1,7.7,2.8,1.5,0.3,1.9,2.7,13.0,
Tomáš Satoranský,PG,28,CHI,11,11,284,4.3,9.3,.466,1.5,3.2,.480,2.8,6.1,.458,1.8,2.0,.875,1.1,2.7,3.8,7.2,1.6,0.3,2.8,3.2,11.9,
Admiral Schofield,SF,22,WAS,5,0,51,4.9,7.1,.700,2.8,4.9,.571,2.1,2.1,1.000,2.8,2.8,1.000,1.4,4.2,5.6,0.7,0.0,0.0,0.0,2.1,15.5,
Dennis Schröder,PG,26,OKC,11,0,317,6.7,15.7,.428,1.6,5.3,.298,5.1,10.3,.495,2.7,3.5,.774,0.8,5.3,6.1,5.6,1.5,0.3,3.6,3.9,17.7,
Mike Scott,PF,31,PHI,11,0,194,5.4,11.1,.483,2.2,5.9,.375,3.2,5.2,.607,0.9,0.9,1.000,1.9,5.6,7.4,0.9,0.6,0.0,1.1,4.1,13.9,
Thabo Sefolosha,SF,35,HOU,9,0,98,2.2,8.4,.261,1.5,4.8,.308,0.7,3.7,.200,0.0,0.0,,3.3,7.0,10.3,4.4,1.1,1.1,1.5,3.3,5.9,
Collin Sexton,PG,21,CLE,10,10,312,8.1,18.2,.443,2.2,5.5,.396,5.9,12.7,.464,3.2,4.0,.800,0.8,2.8,3.6,2.7,0.7,0.1,2.1,3.0,21.6,
Landry Shamet,SG,22,LAC,10,10,294,3.7,9.4,.390,2.6,7.1,.362,1.1,2.3,.474,1.2,1.2,1.000,0.0,1.8,1.8,2.1,0.5,0.1,1.5,3.8,11.1,
Pascal Siakam,PF,25,TOR,11,11,404,10.1,20.5,.491,2.2,6.0,.373,7.8,14.5,.540,4.3,5.1,.842,1.7,7.3,9.0,3.7,0.7,0.5,3.0,3.5,26.6,
Chris Silva,PF,23,MIA,10,0,78,5.5,8.3,.667,0.0,0.5,.000,5.5,7.8,.706,3.7,3.7,1.000,7.4,6.5,13.8,2.8,1.4,4.2,5.1,10.6,14.8,
Ben Simmons,PG,23,PHI,9,9,293,6.8,12.3,.550,0.0,0.0,,6.8,12.3,.550,1.8,3.4,.536,1.1,5.2,6.3,7.2,2.8,0.6,3.9,3.4,15.4,
Anfernee Simons,SG,20,POR,12,0,259,7.2,15.3,.473,2.9,7.6,.382,4.3,7.6,.564,2.2,2.8,.800,0.4,2.6,3.1,1.9,1.1,0.3,1.9,3.2,19.6,
Marcus Smart,SG,25,BOS,10,5,313,4.6,11.2,.412,3.0,7.7,.388,1.6,3.5,.467,1.3,1.6,.786,0.6,3.2,3.8,5.4,1.3,0.6,0.9,2.9,13.5,
Dennis Smith,PG,22,NYK,4,0,40,0.9,12.6,.071,0.0,3.6,.000,0.9,9.0,.100,0.9,1.8,.500,0.0,0.9,0.9,4.5,2.7,0.9,4.5,9.0,2.7,
Ish Smith,PG,31,WAS,9,5,227,4.4,10.6,.418,0.8,3.0,.263,3.6,7.6,.479,0.6,1.1,.571,1.1,2.9,4.0,5.9,0.6,0.6,1.6,3.0,10.3,
Tony Snell,SF,28,DET,12,12,344,4.5,9.7,.462,3.1,6.9,.455,1.4,2.8,.481,0.4,0.4,1.000,0.5,1.4,1.9,2.4,0.7,0.2,0.6,2.3,12.6,
Omari Spellman,PF,22,GSW,11,0,176,4.9,12.5,.393,0.6,2.9,.214,4.3,9.6,.447,3.7,4.3,.857,5.5,7.0,12.5,3.1,1.8,1.2,2.9,2.5,14.1,
Edmond Sumner,PG,24,IND,3,2,67,4.8,9.7,.500,0.0,1.6,.000,4.8,8.1,.600,1.6,2.7,.600,0.5,1.1,1.6,3.2,2.7,0.5,0.5,4.8,11.3,
Caleb Swanigan,PF,22,SAC,4,0,11,3.3,6.5,.500,0.0,0.0,,3.3,6.5,.500,3.3,6.5,.500,3.3,9.8,13.1,0.0,3.3,6.5,9.8,9.8,9.8,
Jayson Tatum,PF,21,BOS,10,10,345,7.6,19.2,.397,2.6,6.5,.403,5.0,12.7,.393,2.8,3.5,.794,1.7,5.8,7.5,2.6,1.6,0.6,1.9,2.5,20.7,
Jeff Teague,PG,31,MIN,7,6,181,6.4,12.3,.516,1.2,3.8,.316,5.2,8.6,.605,5.4,6.2,.871,0.2,2.8,3.0,8.8,2.0,0.2,3.0,3.6,19.3,
Garrett Temple,SG,33,BRK,10,1,217,4.1,9.5,.439,2.5,7.0,.357,1.7,2.5,.667,1.7,2.0,.833,0.8,3.2,4.0,2.7,2.0,0.8,1.0,2.5,12.4,
Daniel Theis,C,27,BOS,8,7,174,3.7,8.7,.429,0.4,1.9,.222,3.3,6.8,.485,2.3,3.3,.688,2.1,8.5,10.6,2.1,0.4,3.5,1.2,5.6,10.1,
Isaiah Thomas,PG,30,WAS,7,4,169,7.9,17.9,.440,3.2,8.3,.385,4.7,9.6,.489,1.7,1.7,1.000,0.2,2.8,3.0,9.4,0.4,0.4,3.8,2.8,20.7,
Khyri Thomas,SG,23,DET,2,0,6,0.0,0.0,,0.0,0.0,,0.0,0.0,,6.0,12.0,.500,0.0,0.0,0.0,0.0,0.0,0.0,0.0,0.0,6.0,
Matt Thomas,SG,25,TOR,8,0,91,5.1,9.1,.565,3.6,6.7,.529,1.6,2.4,.667,0.8,1.2,.667,0.4,2.8,3.2,1.2,1.2,0.0,1.6,4.0,14.6,
Tristan Thompson,C,28,CLE,10,10,335,7.6,14.1,.542,0.3,0.6,.500,7.3,13.4,.544,2.1,3.7,.588,5.2,7.1,12.3,2.5,1.0,1.5,1.0,3.0,17.7,
Matisse Thybulle,SG,22,PHI,10,2,148,2.4,8.5,.286,1.5,5.4,.273,1.0,3.2,.308,1.5,2.4,.600,0.7,1.9,2.7,2.7,3.9,2.7,3.6,6.3,7.8,
Anthony Tolliver,PF,34,POR,11,5,193,1.9,7.6,.244,1.5,6.2,.242,0.4,1.5,.250,1.3,1.7,.778,1.3,5.8,7.1,1.5,0.6,0.7,1.5,2.1,6.5,
Karl-Anthony Towns,C,24,MIN,9,9,295,9.4,19.4,.484,4.0,9.9,.407,5.4,9.5,.564,5.5,7.4,.738,3.1,10.1,13.2,4.6,1.6,1.7,2.8,3.8,28.3,
Gary Trent,SG,21,POR,7,0,59,3.7,11.0,.333,2.4,7.3,.333,1.2,3.7,.333,0.0,0.0,,1.8,4.3,6.1,1.8,0.6,0.0,0.6,3.1,9.8,
Allonzo Trier,SG,24,NYK,8,1,117,4.9,10.5,.471,2.8,6.2,.450,2.2,4.3,.500,4.9,6.5,.762,0.3,3.4,3.7,3.7,0.6,0.9,4.3,5.8,17.5,
P.J. Tucker,PF,34,HOU,11,11,379,3.8,7.4,.513,2.3,4.9,.462,1.5,2.5,.615,0.8,0.9,.889,1.7,5.1,6.8,1.7,1.3,0.6,1.2,3.6,10.6,
Evan Turner,PG,31,ATL,3,0,34,4.2,7.4,.571,0.0,1.1,.000,4.2,6.4,.667,4.2,5.3,.800,0.0,3.2,3.2,7.4,3.2,0.0,2.1,2.1,12.7,
Myles Turner,C,23,IND,4,4,126,6.3,11.4,.550,2.3,4.3,.533,4.0,7.1,.560,2.0,2.6,.778,2.6,5.1,7.7,0.6,0.6,1.4,2.0,2.3,16.9,
Jonas Valančiūnas,C,27,MEM,11,11,248,8.6,16.7,.513,0.9,2.9,.300,7.7,13.8,.558,2.5,2.6,.944,3.3,11.8,15.1,3.2,0.3,1.2,3.5,4.1,20.5,
Denzel Valentine,SG,26,CHI,2,0,6,6.0,30.0,.200,6.0,18.0,.333,0.0,12.0,.000,0.0,0.0,,6.0,6.0,12.0,0.0,0.0,0.0,0.0,0.0,18.0,
Jarred Vanderbilt,PF,20,DEN,2,0,7,0.0,0.0,,0.0,0.0,,0.0,0.0,,0.0,0.0,,0.0,5.1,5.1,5.1,0.0,0.0,5.1,0.0,0.0,
Fred VanVleet,SG,25,TOR,11,11,423,5.0,13.1,.383,2.4,5.9,.406,2.6,7.2,.365,3.6,3.9,.913,0.1,3.8,3.9,7.1,1.5,0.2,2.2,2.2,16.0,
Noah Vonleh,C,24,MIN,11,0,147,4.4,8.6,.514,0.2,2.0,.125,4.2,6.6,.630,2.7,3.2,.846,2.7,7.3,10.0,2.4,1.0,0.7,2.2,3.9,11.8,
Nikola Vučević,C,29,ORL,11,11,350,8.1,17.9,.454,1.1,4.2,.268,7.0,13.7,.511,2.8,3.3,.844,2.8,10.3,13.1,3.5,0.9,1.0,1.5,2.3,20.2,
Moritz Wagner,C,22,WAS,9,0,160,7.9,13.7,.574,1.6,4.3,.368,6.3,9.5,.667,4.7,5.4,.875,2.7,7.2,9.9,0.7,1.4,2.3,5.0,8.1,22.1,
Kemba Walker,PG,29,BOS,10,10,338,8.1,19.2,.422,4.7,10.5,.444,3.4,8.6,.395,5.8,6.3,.915,1.3,4.2,5.4,4.9,1.0,0.7,2.1,2.2,26.6,
Lonnie Walker,SG,21,SAS,7,0,29,2.5,14.9,.167,0.0,2.5,.000,2.5,12.4,.200,1.2,3.7,.333,1.2,8.7,9.9,2.5,0.0,1.2,3.7,5.0,6.2,
Tyrone Wallace,SG,25,ATL,7,0,89,4.4,10.1,.440,0.0,2.8,.000,4.4,7.3,.611,3.6,6.1,.600,1.2,5.3,6.5,2.4,0.8,0.0,2.8,5.3,12.5,
Taurean Waller-Prince,SF,25,BRK,10,10,309,5.4,12.1,.442,3.3,7.6,.431,2.1,4.5,.462,1.3,1.9,.688,1.2,6.2,7.3,1.4,1.4,0.5,2.3,3.3,15.3,
Derrick Walton,PG,24,LAC,2,0,3,0.0,0.0,,0.0,0.0,,0.0,0.0,,0.0,0.0,,0.0,0.0,0.0,0.0,0.0,0.0,0.0,0.0,0.0,
Brad Wanamaker,PG,30,BOS,10,0,131,4.9,9.1,.545,0.5,1.9,.286,4.4,7.1,.615,3.8,4.1,.933,0.5,4.7,5.2,5.8,1.9,0.3,2.7,4.1,14.3,
T.J. Warren,SF,26,IND,11,11,379,8.5,16.0,.530,0.8,2.7,.286,7.7,13.3,.579,1.6,2.1,.773,0.7,2.8,3.4,1.4,1.5,0.4,1.3,2.8,19.3,
PJ Washington,PF,21,CHO,11,11,342,5.5,11.1,.495,1.9,4.1,.462,3.6,6.9,.515,1.9,2.6,.720,1.3,5.6,6.8,1.6,1.5,0.9,1.8,2.5,14.7,
Yuta Watanabe,SG,25,MEM,1,0,3,24.0,24.0,1.000,0.0,0.0,,24.0,24.0,1.000,0.0,0.0,,0.0,12.0,12.0,0.0,0.0,0.0,0.0,12.0,48.0,
Russell Westbrook,PG,31,HOU,10,10,326,9.1,20.0,.453,1.2,5.4,.224,7.8,14.6,.538,4.3,6.5,.661,1.4,7.4,8.8,7.6,2.0,0.4,4.7,3.9,23.6,
Coby White,PG,19,CHI,11,0,267,6.7,18.3,.368,2.4,8.5,.286,4.3,9.8,.438,2.7,3.6,.741,0.3,4.6,4.9,3.4,0.9,0.0,1.9,1.6,18.6,
Derrick White,PG,25,SAS,11,1,260,6.0,12.9,.462,1.4,3.5,.400,4.6,9.4,.485,3.9,4.7,.824,1.1,3.3,4.4,3.6,0.7,1.1,1.4,4.3,17.2,
Hassan Whiteside,C,30,POR,11,11,303,7.8,13.7,.574,0.0,0.0,,7.8,13.7,.574,3.7,5.0,.738,5.3,10.6,15.9,1.3,0.5,2.3,2.5,3.9,19.4,
Andrew Wiggins,SF,24,MIN,11,11,382,10.4,21.7,.478,2.5,6.8,.361,7.9,14.9,.532,3.7,5.0,.736,1.3,4.0,5.3,3.8,0.8,1.1,1.6,2.2,26.9,
Grant Williams,PF,21,BOS,10,0,153,1.9,7.3,.258,0.0,3.3,.000,1.9,4.0,.471,2.6,3.3,.786,2.1,4.2,6.4,2.8,1.4,1.6,1.6,4.7,6.4,
Kenrich Williams,PF,25,NOP,10,2,205,3.9,8.6,.449,2.1,5.6,.375,1.8,3.0,.588,0.9,1.9,.455,2.6,5.6,8.3,3.0,1.6,1.1,0.7,4.7,10.7,
Lou Williams,SG,33,LAC,11,2,360,7.8,19.3,.404,1.8,5.4,.333,6.0,13.9,.432,6.9,8.2,.841,0.8,3.6,4.4,6.0,0.4,0.3,3.1,1.6,24.3,
Marvin Williams,PF,33,CHO,11,0,186,4.3,9.3,.458,2.1,5.6,.379,2.1,3.7,.579,1.7,2.3,.750,1.0,3.7,4.6,1.2,1.0,0.6,1.2,2.5,12.4,
Robert Williams,C,22,BOS,8,1,128,5.9,7.6,.778,0.0,0.0,,5.9,7.6,.778,1.4,2.5,.556,2.5,8.4,11.0,4.2,2.3,3.7,1.7,5.9,13.2,
Nigel Williams-Goss,PG,25,UTA,4,0,8,0.0,9.0,.000,0.0,4.5,.000,0.0,4.5,.000,0.0,0.0,,0.0,0.0,0.0,4.5,0.0,0.0,4.5,4.5,0.0,
D.J. Wilson,PF,23,MIL,4,0,17,4.2,19.1,.222,2.1,14.8,.143,2.1,4.2,.500,0.0,0.0,,0.0,8.5,8.5,4.2,0.0,0.0,2.1,2.1,10.6,
Justise Winslow,SF,23,MIA,5,5,181,5.6,14.3,.389,0.6,2.4,.250,5.0,11.9,.417,2.0,3.4,.588,1.8,6.2,8.0,4.8,1.0,0.6,3.2,3.4,13.7,
Christian Wood,PF,24,DET,10,0,158,6.8,11.4,.600,2.1,3.9,.529,4.8,7.5,.636,3.9,6.2,.630,2.1,6.8,8.9,0.7,0.7,2.1,2.1,1.6,19.6,
Delon Wright,SG,27,DAL,10,2,236,4.9,9.3,.525,0.9,2.4,.375,4.0,6.9,.578,1.8,2.1,.857,0.8,4.7,5.5,5.6,1.7,0.3,0.9,1.8,12.5,
Thaddeus Young,PF,31,CHI,11,0,251,6.6,14.2,.465,1.9,5.9,.317,4.7,8.3,.569,0.7,1.7,.417,2.0,4.3,6.3,2.4,1.9,0.4,2.2,2.6,15.8,
Trae Young,PG,21,ATL,9,9,302,9.9,21.3,.464,3.9,9.8,.402,6.0,11.6,.515,6.3,7.9,.803,0.7,3.9,4.6,9.3,1.7,0.1,5.4,1.2,30.0,
Cody Zeller,C,27,CHO,10,10,270,6.9,12.5,.553,0.9,2.9,.318,6.0,9.6,.625,2.8,4.0,.700,4.8,8.0,12.8,1.9,0.9,0.4,2.0,3.6,17.6,
Ivica Zubac,C,22,LAC,11,10,172,8.0,13.2,.603,0.0,0.0,,8.0,13.2,.603,4.8,5.9,.821,5.4,10.0,15.5,1.5,0.6,2.9,1.9,4.2,20.7,