player,pos,age,team_id,g,gs,mp,fg,fga,fg_pct,fg3,fg3a,fg3_pct,fg2,fg2a,fg2_pct,efg_pct,ft,fta,ft_pct,orb,drb,trb,ast,stl,blk,tov,pf,pts,
Steven Adams,C,26,OKC,8,8,206,31,60,.517,0,0,,31,60,.517,.517,6,23,.261,25,52,77,15,3,6,10,13,68,
Bam Adebayo,C,22,MIA,10,10,314,45,77,.584,1,5,.200,44,72,.611,.591,42,69,.609,25,73,98,46,16,14,27,31,133,
LaMarcus Aldridge,C,34,SAS,11,11,353,80,153,.523,3,13,.231,77,140,.550,.533,34,42,.810,23,42,65,26,7,19,22,27,197,
Nickeil Alexander-Walker,SG,21,NOP,10,0,123,18,62,.290,9,31,.290,9,31,.290,.363,5,6,.833,2,18,20,24,4,0,13,17,50,
Grayson Allen,SG,24,MEM,5,0,84,11,35,.314,5,19,.263,6,16,.375,.386,10,12,.833,1,9,10,8,2,0,7,10,37,
Jarrett Allen,C,21,BRK,10,7,255,32,53,.604,0,0,,32,53,.604,.604,21,38,.553,30,56,86,9,4,16,17,27,85,
Al-Farouq Aminu,PF,29,ORL,11,0,217,14,46,.304,6,20,.300,8,26,.308,.370,11,15,.733,12,39,51,10,10,6,9,22,45,
Kyle Anderson,SF,26,MEM,11,0,227,30,59,.508,2,11,.182,28,48,.583,.525,15,25,.600,8,40,48,27,10,9,9,22,77,
Ryan Anderson,PF,31,HOU,2,0,14,2,7,.286,1,5,.200,1,2,.500,.357,0,0,,0,7,7,2,1,0,1,1,5,
Giannis Antetokounmpo,PF,25,MIL,10,10,331,107,183,.585,12,39,.308,95,144,.660,.617,71,110,.645,23,120,143,68,13,16,44,42,297,
Kostas Antetokounmpo,PF,22,LAL,2,0,3,0,0,,0,0,,0,0,,,0,0,,0,1,1,0,0,0,0,0,0,
Thanasis Antetokounmpo,SF,27,MIL,1,0,6,1,2,.500,0,0,,1,2,.500,.500,0,0,,2,0,2,1,0,0,0,0,2,
OG Anunoby,SF,22,TOR,10,10,300,46,83,.554,19,36,.528,27,47,.574,.669,6,10,.600,12,44,56,18,12,13,10,24,117,
Ryan Arcidiacono,PG,25,CHI,11,0,165,12,29,.414,7,15,.467,5,14,.357,.534,11,13,.846,5,16,21,22,7,1,4,20,42,
Trevor Ariza,SF,34,SAC,10,0,213,15,40,.375,12,31,.387,3,9,.333,.525,4,5,.800,4,33,37,9,9,0,6,17,46,
D.J. Augustin,PG,32,ORL,11,5,280,38,96,.396,7,28,.250,31,68,.456,.432,22,25,.880,7,14,21,50,5,0,12,12,105,
Deandre Ayton,C,21,PHO,1,1,33,9,14,.643,0,0,,9,14,.643,.643,0,0,,3,8,11,0,1,4,0,2,18,
Dwayne Bacon,SG,24,CHO,10,10,253,38,111,.342,8,31,.258,30,80,.375,.378,15,22,.682,7,26,33,16,8,1,18,24,99,
Marvin Bagley,PF,20,SAC,1,1,28,6,16,.375,0,0,,6,16,.375,.375,2,4,.500,4,6,10,0,1,1,1,1,14,
Lonzo Ball,PG,22,NOP,8,8,232,34,82,.415,18,49,.367,16,33,.485,.524,6,10,.600,6,30,36,49,13,1,19,14,92,
Mo Bamba,C,21,ORL,9,0,120,17,48,.354,5,18,.278,12,30,.400,.406,1,4,.250,11,27,38,3,3,9,7,20,40,
J.J. Barea,PG,35,DAL,1,0,16,3,6,.500,3,4,.750,0,2,.000,.750,2,2,1.000,1,0,1,3,0,0,2,0,11,
Harrison Barnes,SF,27,SAC,10,10,336,56,114,.491,15,40,.375,41,74,.554,.557,29,39,.744,15,36,51,17,13,2,10,14,156,
RJ Barrett,SG,19,NYK,11,11,385,66,161,.410,14,39,.359,52,122,.426,.453,30,67,.448,15,49,64,45,15,3,29,30,176,
Will Barton,SG,29,DEN,8,8,260,43,98,.439,17,32,.531,26,66,.394,.526,22,29,.759,16,47,63,20,11,6,12,14,125,
Nicolas Batum,SF,31,CHO,1,0,11,0,0,,0,0,,0,0,,,0,0,,1,3,4,2,0,0,2,2,0,
Aron Baynes,C,33,PHO,10,9,243,59,100,.590,22,44,.500,37,56,.661,.700,22,30,.733,17,41,58,31,3,9,10,41,162,
Kent Bazemore,SF,30,POR,12,2,292,34,95,.358,16,47,.340,18,48,.375,.442,14,21,.667,4,53,57,18,12,12,20,45,98,
Darius Bazley,PF,19,OKC,11,0,202,20,48,.417,11,27,.407,9,21,.429,.531,6,10,.600,4,42,46,8,3,3,12,10,57,
Bradley Beal,SG,26,WAS,9,9,325,89,205,.434,26,81,.321,63,124,.508,.498,49,62,.790,11,32,43,58,10,2,32,22,253,
Malik Beasley,SG,23,DEN,9,0,146,21,57,.368,12,29,.414,9,28,.321,.474,3,3,1.000,3,10,13,7,6,1,11,12,57,
Marco Belinelli,SG,33,SAS,11,0,188,18,69,.261,9,37,.243,9,32,.281,.326,7,10,.700,0,14,14,16,3,0,5,10,52,
Jordan Bell,PF,25,MIN,4,0,43,9,13,.692,0,1,.000,9,12,.750,.692,5,5,1.000,5,14,19,5,0,1,9,4,23,
DeAndre' Bembry,SG,25,ATL,10,0,264,36,67,.537,1,9,.111,35,58,.603,.545,9,22,.409,12,31,43,31,14,2,17,22,82,
Dāvis Bertāns,PF,27,WAS,9,0,247,35,81,.432,28,64,.438,7,17,.412,.605,8,9,.889,2,31,33,12,4,4,6,22,106,
Patrick Beverley,PG,31,LAC,11,11,328,30,85,.353,7,46,.152,23,39,.590,.394,10,17,.588,12,58,70,32,16,5,18,40,77,
Khem Birch,C,27,ORL,4,0,45,1,5,.200,0,1,.000,1,4,.250,.200,2,8,.250,3,6,9,1,1,0,0,3,4,
Goga Bitadze,C,20,IND,6,2,109,14,29,.483,3,8,.375,11,21,.524,.534,9,12,.750,11,19,30,9,0,13,8,20,40,
Bismack Biyombo,C,27,CHO,9,1,113,21,32,.656,0,0,,21,32,.656,.656,12,25,.480,9,12,21,7,4,4,8,16,54,
Nemanja Bjelica,PF,31,SAC,10,9,247,40,74,.541,20,40,.500,20,34,.588,.676,2,2,1.000,15,38,53,24,9,3,10,23,102,
Eric Bledsoe,PG,30,MIL,10,10,266,62,134,.463,15,50,.300,47,84,.560,.519,24,31,.774,9,48,57,50,6,3,19,29,163,
Bogdan Bogdanović,SG,27,SAC,10,0,256,43,112,.384,27,68,.397,16,44,.364,.504,20,27,.741,1,25,26,40,13,1,16,22,133,
Bojan Bogdanović,SF,30,UTA,10,10,320,69,150,.460,28,64,.438,41,86,.477,.553,32,35,.914,2,40,42,19,9,4,27,23,198,
Jonah Bolden,PF,24,PHI,2,0,5,1,1,1.000,0,0,,1,1,1.000,1.000,0,2,.000,0,0,0,0,1,0,1,0,2,
Jordan Bone,PG,22,DET,2,0,4,0,3,.000,0,1,.000,0,2,.000,.000,0,0,,0,0,0,0,0,0,2,2,0,
Isaac Bonga,SF,20,WAS,7,7,149,13,29,.448,1,5,.200,12,24,.500,.466,6,9,.667,7,20,27,12,7,1,6,21,33,
Devin Booker,SG,23,PHO,10,10,348,93,172,.541,25,49,.510,68,123,.553,.613,42,45,.933,3,30,33,58,4,4,37,38,253,
Chris Boucher,PF,27,TOR,9,0,97,14,34,.412,4,13,.308,10,21,.476,.471,7,10,.700,11,17,28,4,4,11,2,13,39,
Brian Bowen,SG,21,IND,1,0,3,1,2,.500,0,0,,1,2,.500,.500,0,0,,0,0,0,0,0,0,0,0,2,
Ky Bowman,PG,22,GSW,12,3,220,31,68,.456,8,20,.400,23,48,.479,.515,8,9,.889,1,21,22,25,9,1,14,18,78,
Avery Bradley,SG,29,LAL,10,10,274,41,84,.488,8,28,.286,33,56,.589,.536,6,8,.750,7,25,32,18,10,1,11,26,96,
Tony Bradley,C,22,UTA,8,0,73,15,24,.625,0,0,,15,24,.625,.625,7,12,.583,14,13,27,1,2,2,3,13,37,
Jarrell Brantley,PF,23,UTA,1,0,5,0,0,,0,0,,0,0,,,0,0,,0,3,3,1,0,1,0,0,0,
Ignas Brazdeikis,SF,21,NYK,4,0,14,2,7,.286,0,2,.000,2,5,.400,.286,2,2,1.000,0,0,0,1,0,1,1,1,6,
Mikal Bridges,SF,23,PHO,10,0,198,18,42,.429,3,15,.200,15,27,.556,.464,7,10,.700,5,31,36,10,15,4,6,15,46,
Miles Bridges,SF,21,CHO,11,11,369,57,120,.475,19,49,.388,38,71,.535,.554,11,17,.647,16,44,60,27,3,9,24,23,144,
Ryan Broekhoff,SG,29,DAL,2,0,4,1,1,1.000,1,1,1.000,0,0,,1.500,0,0,,0,0,0,1,0,0,0,0,3,
Malcolm Brogdon,PG,27,IND,11,11,363,82,175,.469,16,49,.327,66,126,.524,.514,48,49,.980,7,50,57,94,12,3,34,28,228,
Dillon Brooks,SF,24,MEM,11,11,300,54,132,.409,19,50,.380,35,82,.427,.481,23,26,.885,13,29,42,24,12,5,13,47,150,
Bruce Brown,SG,23,DET,12,8,328,33,86,.384,5,17,.294,28,69,.406,.413,16,27,.593,12,38,50,39,11,4,26,40,87,
Charlie Brown,SG,22,ATL,1,0,4,0,0,,0,0,,0,0,,,2,2,1.000,0,1,1,0,0,0,0,0,2,
Jaylen Brown,SG,23,BOS,7,7,223,53,102,.520,7,26,.269,46,76,.605,.554,28,35,.800,6,42,48,17,5,3,9,23,141,
Moses Brown,C,20,POR,2,0,5,0,1,.000,0,0,,0,1,.000,.000,0,0,,0,3,3,0,0,0,0,0,0,
Sterling Brown,SG,24,MIL,7,0,85,15,29,.517,5,12,.417,10,17,.588,.603,4,6,.667,6,22,28,4,4,1,5,6,39,
Troy Brown,SG,20,WAS,6,2,133,19,42,.452,5,13,.385,14,29,.483,.512,6,6,1.000,11,17,28,12,8,1,6,7,49,
Jalen Brunson,PG,23,DAL,10,3,209,32,75,.427,7,26,.269,25,49,.510,.473,12,20,.600,9,25,34,34,7,0,11,14,83,
Thomas Bryant,C,22,WAS,9,9,270,51,101,.505,6,25,.240,45,76,.592,.535,24,30,.800,22,62,84,21,6,14,15,21,132,
Trey Burke,PG,27,PHI,2,0,37,6,15,.400,2,3,.667,4,12,.333,.467,3,4,.750,2,4,6,7,2,1,1,0,17,
Alec Burks,SG,28,GSW,9,1,226,40,87,.460,13,31,.419,27,56,.482,.534,29,33,.879,5,31,36,20,4,5,10,19,122,
Deonte Burton,SG,26,OKC,5,0,39,7,17,.412,5,10,.500,2,7,.286,.559,0,0,,0,7,7,1,1,0,3,4,19,
Jimmy Butler,SF,30,MIA,7,7,234,41,93,.441,5,21,.238,36,72,.500,.468,49,61,.803,14,28,42,46,19,4,13,8,136,
Bruno Caboclo,SF,24,MEM,7,0,71,12,29,.414,2,11,.182,10,18,.556,.448,0,0,,6,11,17,4,4,8,3,8,26,
Kentavious Caldwell-Pope,SG,26,LAL,11,1,215,24,67,.358,5,22,.227,19,45,.422,.396,5,7,.714,4,18,22,15,7,1,7,18,58,
Vlatko Čančar,SF,22,DEN,1,0,2,0,0,,0,0,,0,0,,,0,0,,0,0,0,0,0,0,0,0,0,
Clint Capela,C,25,HOU,11,11,332,67,103,.650,0,0,,67,103,.650,.650,13,30,.433,32,105,137,12,10,24,14,30,147,
DeMarre Carroll,SF,33,SAS,4,0,39,4,10,.400,2,5,.400,2,5,.400,.500,2,2,1.000,3,6,9,3,0,1,1,5,12,
Jevon Carter,PG,24,PHO,9,1,153,15,39,.385,10,26,.385,5,13,.385,.513,4,4,1.000,2,16,18,19,9,3,13,18,44,
Vince Carter,SF,43,ATL,8,0,116,16,40,.400,4,24,.167,12,16,.750,.450,5,6,.833,1,16,17,4,4,1,3,11,41,
Wendell Carter,C,20,CHI,11,11,304,57,97,.588,1,9,.111,56,88,.636,.593,30,47,.638,34,73,107,8,3,12,14,44,145,
Michael Carter-Williams,PG,28,ORL,8,0,134,13,42,.310,3,14,.214,10,28,.357,.345,15,19,.789,11,19,30,13,8,5,8,13,44,
Alex Caruso,SG,25,LAL,10,0,194,17,46,.370,4,16,.250,13,30,.433,.413,4,6,.667,1,20,21,23,11,5,13,10,42,
Willie Cauley-Stein,C,26,GSW,9,8,183,33,58,.569,0,0,,33,58,.569,.569,6,8,.750,12,43,55,12,7,11,7,29,72,
Tyson Chandler,C,37,HOU,10,0,77,9,10,.900,0,0,,9,10,.900,.900,3,5,.600,7,22,29,2,3,4,1,13,21,
Chris Chiozza,PG,24,WAS,2,0,35,2,9,.222,2,4,.500,0,5,.000,.333,0,0,,0,4,4,7,2,2,3,6,6,
Marquese Chriss,PF,22,GSW,11,1,170,23,50,.460,2,7,.286,21,43,.488,.480,16,18,.889,14,36,50,19,7,7,17,22,64,
Brandon Clarke,PF,23,MEM,10,1,220,51,84,.607,6,14,.429,45,70,.643,.643,11,12,.917,16,49,65,11,6,13,12,18,119,
Jordan Clarkson,SG,27,CLE,10,0,230,51,119,.429,15,51,.294,36,68,.529,.492,35,39,.897,4,17,21,22,9,4,12,11,152,
Nicolas Claxton,PF,20,BRK,3,0,36,5,9,.556,0,1,.000,5,8,.625,.556,2,5,.400,6,4,10,4,1,0,0,4,12,
Chris Clemons,PG,22,HOU,5,0,42,6,16,.375,5,15,.333,1,1,1.000,.531,2,2,1.000,2,1,3,2,0,1,3,6,19,
John Collins,PF,22,ATL,5,5,161,32,61,.525,9,19,.474,23,42,.548,.598,12,17,.706,10,34,44,8,5,10,7,17,85,
Zach Collins,PF,22,POR,3,3,86,9,19,.474,3,7,.429,6,12,.500,.553,6,6,1.000,4,8,12,6,0,2,6,11,27,
Mike Conley,PG,32,UTA,11,11,330,52,141,.369,22,64,.344,30,77,.390,.447,36,46,.783,6,23,29,44,9,2,30,26,162,
Pat Connaughton,SG,27,MIL,8,0,131,16,42,.381,8,28,.286,8,14,.571,.476,1,1,1.000,1,24,25,12,2,3,3,9,41,
Quinn Cook,PG,26,LAL,11,0,179,28,66,.424,8,24,.333,20,42,.476,.485,2,3,.667,3,11,14,25,4,1,9,8,66,
Tyler Cook,PF,22,CLE,4,0,10,3,4,.750,0,0,,3,4,.750,.750,0,0,,2,1,3,0,1,0,0,0,6,
Robert Covington,PF,29,MIN,11,11,286,44,104,.423,21,64,.328,23,40,.575,.524,21,22,.955,11,51,62,9,16,12,19,32,130,
Torrey Craig,SF,29,DEN,10,2,161,10,33,.303,4,18,.222,6,15,.400,.364,4,6,.667,8,25,33,12,3,8,5,23,28,
Jae Crowder,SF,29,MEM,11,11,333,34,91,.374,21,68,.309,13,23,.565,.489,15,21,.714,9,50,59,31,13,5,17,25,104,
Jarrett Culver,SG,20,MIN,11,4,242,34,92,.370,10,38,.263,24,54,.444,.424,8,21,.381,8,23,31,24,8,3,15,26,86,
Seth Curry,SG,29,DAL,10,6,198,25,61,.410,14,38,.368,11,23,.478,.525,15,17,.882,3,9,12,13,7,2,9,19,79,
Stephen Curry,PG,31,GSW,4,4,112,27,66,.409,9,37,.243,18,29,.621,.477,18,18,1.000,4,16,20,26,5,2,15,10,81,
Troy Daniels,SG,28,LAL,9,0,137,17,49,.347,12,38,.316,5,11,.455,.469,3,3,1.000,1,13,14,6,3,1,3,4,49,
Anthony Davis,PF,26,LAL,10,10,353,93,191,.487,8,27,.296,85,164,.518,.508,69,78,.885,28,76,104,33,13,29,29,27,263,
Ed Davis,C,30,UTA,6,0,73,4,10,.400,0,0,,4,10,.400,.400,2,4,.500,9,22,31,1,1,3,5,14,10,
Terence Davis,SG,22,TOR,11,0,135,16,36,.444,9,20,.450,7,16,.438,.569,6,6,1.000,4,22,26,12,5,2,5,18,47,
Dewayne Dedmon,C,30,SAC,10,4,162,17,51,.333,5,24,.208,12,27,.444,.382,9,9,1.000,20,28,48,5,3,7,18,26,48,
Matthew Dellavedova,PG,29,CLE,8,0,119,10,31,.323,1,17,.059,9,14,.643,.339,4,5,.800,3,11,14,15,4,1,7,15,25,
DeMar DeRozan,SG,30,SAS,11,11,366,87,170,.512,0,4,.000,87,166,.524,.512,47,61,.770,5,49,54,53,10,7,35,26,221,
Cheick Diallo,C,23,PHO,5,0,12,3,3,1.000,0,0,,3,3,1.000,1.000,3,4,.750,0,1,1,1,0,0,2,3,9,
Hamidou Diallo,SG,21,OKC,11,1,242,42,84,.500,2,13,.154,40,71,.563,.512,11,18,.611,14,30,44,9,16,4,14,26,97,
Gorgui Dieng,C,30,MIN,8,2,93,17,40,.425,2,13,.154,15,27,.556,.450,8,10,.800,9,23,32,9,6,7,6,6,44,
Spencer Dinwiddie,SG,26,BRK,10,0,252,55,130,.423,17,54,.315,38,76,.500,.488,44,55,.800,3,21,24,47,6,3,26,34,171,
Donte DiVincenzo,SG,23,MIL,7,0,97,15,39,.385,9,20,.450,6,19,.316,.500,2,4,.500,5,15,20,7,8,2,7,12,41,
Luka Dončić,PG,20,DAL,10,10,348,95,196,.485,28,88,.318,67,108,.620,.556,65,77,.844,16,87,103,91,11,1,45,25,283,
Damyean Dotson,SG,25,NYK,7,0,65,9,22,.409,5,12,.417,4,10,.400,.523,2,3,.667,2,6,8,3,1,1,3,5,25,
Goran Dragić,PG,33,MIA,10,0,287,54,114,.474,27,61,.443,27,53,.509,.592,33,46,.717,2,32,34,49,5,3,24,17,168,
Andre Drummond,C,26,DET,12,12,414,98,176,.557,0,8,.000,98,168,.583,.557,43,62,.694,57,144,201,37,21,26,48,51,239,
Jared Dudley,SF,34,LAL,7,0,58,4,6,.667,4,4,1.000,0,2,.000,1.000,0,0,,0,5,5,5,1,1,1,6,12,
Kris Dunn,PG,25,CHI,11,0,224,33,70,.471,3,17,.176,30,53,.566,.493,6,9,.667,6,24,30,30,25,3,9,35,75,
Carsen Edwards,PG,21,BOS,9,0,107,17,44,.386,9,25,.360,8,19,.421,.489,7,9,.778,3,14,17,10,3,2,3,10,50,
Wayne Ellington,SG,32,NYK,8,1,137,14,45,.311,11,40,.275,3,5,.600,.433,0,1,.000,0,15,15,9,2,1,8,9,39,
Joel Embiid,C,25,PHI,7,7,201,51,110,.464,10,26,.385,41,84,.488,.509,49,59,.831,21,66,87,22,7,12,23,27,161,
James Ennis,SF,29,PHI,11,0,168,25,48,.521,4,15,.267,21,33,.636,.563,15,20,.750,15,28,43,7,5,1,9,20,69,
Drew Eubanks,PF,22,SAS,1,0,2,0,2,.000,0,0,,0,2,.000,.000,0,0,,2,1,3,0,0,0,1,1,0,
Jacob Evans,SG,22,GSW,3,0,43,5,12,.417,4,8,.500,1,4,.250,.583,4,4,1.000,1,4,5,2,0,0,1,2,18,
Tacko Fall,C,24,BOS,1,0,4,2,4,.500,0,0,,2,4,.500,.500,0,0,,0,3,3,0,0,0,1,2,4,
Derrick Favors,C,28,NOP,7,5,146,26,44,.591,0,1,.000,26,43,.605,.591,1,3,.333,22,34,56,14,5,3,12,17,53,
Terrance Ferguson,SG,21,OKC,10,10,223,15,34,.441,8,21,.381,7,13,.538,.559,3,3,1.000,6,13,19,10,3,4,6,28,41,
Bruno Fernando,C,21,ATL,10,0,113,19,32,.594,2,7,.286,17,25,.680,.625,5,11,.455,9,18,27,9,3,4,9,12,45,
Yogi Ferrell,PG,26,SAC,6,0,42,7,14,.500,2,5,.400,5,9,.556,.571,5,6,.833,0,6,6,6,1,1,2,4,21,
Dorian Finney-Smith,PF,26,DAL,10,7,261,29,65,.446,10,35,.286,19,30,.633,.523,11,17,.647,21,34,55,7,7,2,13,18,79,
Bryn Forbes,SG,26,SAS,11,11,298,54,130,.415,30,81,.370,24,49,.490,.531,19,21,.905,5,28,33,15,4,0,9,22,157,
Evan Fournier,SG,27,ORL,11,11,313,61,130,.469,21,55,.382,40,75,.533,.550,25,29,.862,1,35,36,34,7,3,21,26,168,
De'Aaron Fox,PG,22,SAC,9,9,288,55,128,.430,10,30,.333,45,98,.459,.469,44,62,.710,5,31,36,63,7,5,37,27,164,
Melvin Frazier,SG,23,ORL,1,0,6,1,5,.200,0,1,.000,1,4,.250,.200,0,0,,1,0,1,0,0,0,0,0,2,
Tim Frazier,PG,29,DET,8,4,116,8,37,.216,3,13,.231,5,24,.208,.257,9,12,.750,3,5,8,29,8,1,10,16,28,
Markelle Fultz,SG,21,ORL,11,6,256,43,93,.462,4,24,.167,39,69,.565,.484,15,20,.750,7,17,24,34,14,2,17,24,105,
Wenyen Gabriel,PF,22,SAC,5,0,34,3,12,.250,1,6,.167,2,6,.333,.292,4,7,.571,3,3,6,3,1,1,3,4,11,
Daniel Gafford,PF,21,CHI,4,0,12,0,0,,0,0,,0,0,,,0,0,,0,1,1,0,0,0,0,2,0,
Danilo Gallinari,PF,31,OKC,11,11,318,60,138,.435,31,74,.419,29,64,.453,.547,49,53,.925,5,49,54,17,9,1,11,18,200,
Langston Galloway,SG,28,DET,12,0,295,41,98,.418,23,54,.426,18,44,.409,.536,34,37,.919,4,22,26,22,7,6,9,18,139,
Darius Garland,PG,20,CLE,10,10,283,33,101,.327,8,32,.250,25,69,.362,.366,12,14,.857,3,15,18,37,11,0,23,12,86,
Marc Gasol,C,35,TOR,11,11,310,25,73,.342,14,34,.412,11,39,.282,.438,10,12,.833,8,65,73,28,3,9,21,36,74,
Rudy Gay,PF,33,SAS,11,0,248,43,91,.473,10,35,.286,33,56,.589,.527,22,26,.846,21,57,78,25,3,6,15,18,118,
Taj Gibson,C,34,NYK,9,3,142,22,39,.564,0,3,.000,22,36,.611,.564,5,7,.714,13,19,32,12,6,1,8,21,49,
Harry Giles,PF,21,SAC,2,0,14,2,5,.400,0,0,,2,5,.400,.400,2,2,1.000,0,3,3,0,0,1,1,4,6,
Shai Gilgeous-Alexander,SG,21,OKC,11,11,381,83,180,.461,19,47,.404,64,133,.481,.514,36,48,.750,12,52,64,34,8,7,22,15,221,
Rudy Gobert,C,27,UTA,11,11,380,50,74,.676,0,0,,50,74,.676,.676,41,68,.603,26,120,146,12,13,14,25,39,141,
Aaron Gordon,PF,24,ORL,11,11,342,57,125,.456,13,41,.317,44,84,.524,.508,27,37,.730,19,49,68,34,9,6,17,30,154,
Eric Gordon,SG,31,HOU,9,2,265,34,110,.309,21,74,.284,13,36,.361,.405,9,14,.643,3,14,17,7,5,2,12,21,98,
Devonte' Graham,PG,24,CHO,11,1,347,59,146,.404,35,83,.422,24,63,.381,.524,45,57,.789,8,29,37,80,9,2,31,20,198,
Treveon Graham,SG,26,MIN,11,10,286,29,80,.363,6,31,.194,23,49,.469,.400,12,14,.857,13,27,40,19,11,1,7,24,76,
Jerami Grant,PF,25,DEN,10,0,219,33,77,.429,8,32,.250,25,45,.556,.481,12,18,.667,6,20,26,11,4,5,10,21,86,
Danny Green,SG,32,LAL,11,11,284,35,78,.449,23,52,.442,12,26,.462,.596,5,8,.625,5,24,29,14,14,4,12,32,98,
Draymond Green,PF,29,GSW,7,7,195,24,59,.407,6,21,.286,18,38,.474,.458,7,10,.700,4,43,47,35,8,1,11,16,61,
JaMychal Green,PF,29,LAC,11,0,250,34,80,.425,23,53,.434,11,27,.407,.569,14,17,.824,17,60,77,3,4,4,11,30,105,
Javonte Green,SG,26,BOS,8,0,55,13,24,.542,1,6,.167,12,18,.667,.563,2,5,.400,1,6,7,2,2,0,0,8,29,
Jeff Green,PF,33,UTA,11,1,209,24,67,.358,16,41,.390,8,26,.308,.478,11,16,.688,3,23,26,5,6,5,12,19,75,
Blake Griffin,PF,30,DET,1,1,24,6,12,.500,1,3,.333,5,9,.556,.542,6,8,.750,0,7,7,6,0,0,4,1,19,
Marko Guduric,SG,24,MEM,11,0,200,28,61,.459,10,27,.370,18,34,.529,.541,7,7,1.000,7,22,29,21,4,3,13,9,73,
Rui Hachimura,SF,21,WAS,9,9,252,58,112,.518,4,17,.235,54,95,.568,.536,10,12,.833,21,32,53,14,6,1,9,19,130,
Devon Hall,SG,24,OKC,1,0,7,1,1,1.000,0,0,,1,1,1.000,1.000,0,0,,0,0,0,0,0,0,1,1,2,
Tim Hardaway,SG,27,DAL,10,0,230,39,105,.371,21,64,.328,18,41,.439,.471,17,22,.773,3,20,23,14,1,1,4,22,116,
James Harden,SG,30,HOU,11,11,401,111,269,.413,49,154,.318,62,115,.539,.504,149,168,.887,11,49,60,90,17,7,64,31,420,
Maurice Harkless,PF,26,LAC,11,1,237,28,54,.519,4,14,.286,24,40,.600,.556,6,10,.600,8,24,32,11,11,6,10,40,66,
Jared Harper,PG,22,PHO,1,0,2,0,1,.000,0,1,.000,0,0,,.000,0,0,,0,0,0,0,0,0,0,0,0,
Montrezl Harrell,C,26,LAC,11,1,332,82,135,.607,0,3,.000,82,132,.621,.607,38,60,.633,28,52,80,24,9,13,22,29,202,
Gary Harris,SG,25,DEN,10,10,322,42,107,.393,15,44,.341,27,63,.429,.463,11,15,.733,6,28,34,17,14,2,11,25,110,
Joe Harris,SG,28,BRK,10,10,323,50,100,.500,28,57,.491,22,43,.512,.640,6,9,.667,11,29,40,15,7,2,18,28,134,
Tobias Harris,SF,27,PHI,11,11,380,72,156,.462,10,49,.204,62,107,.579,.494,27,35,.771,11,81,92,39,14,7,25,37,181,
Shaquille Harrison,PG,26,CHI,6,0,23,3,11,.273,0,1,.000,3,10,.300,.273,4,6,.667,0,7,7,2,0,1,0,4,10,
Josh Hart,SF,24,NOP,10,4,277,43,93,.462,22,57,.386,21,36,.583,.581,18,22,.818,13,53,66,14,14,4,14,29,126,
Udonis Haslem,PF,39,MIA,1,0,5,1,1,1.000,0,0,,1,1,1.000,1.000,0,0,,0,2,2,0,0,0,0,2,2,
Jaxson Hayes,C,19,NOP,7,0,98,19,28,.679,0,2,.000,19,26,.731,.679,8,15,.533,9,13,22,5,4,4,4,21,46,
Gordon Hayward,SF,29,BOS,8,8,249,61,110,.555,13,30,.433,48,80,.600,.614,16,19,.842,6,51,57,33,6,2,15,15,151,
John Henson,PF,29,CLE,1,0,8,1,2,.500,0,1,.000,1,1,1.000,.500,1,6,.167,2,1,3,0,2,2,1,0,3,
Juan Hernangómez,PF,24,DEN,3,0,19,1,5,.200,1,4,.250,0,1,.000,.300,0,0,,0,1,1,0,0,1,0,0,3,
Willy Hernangómez,C,25,CHO,3,0,28,5,10,.500,1,2,.500,4,8,.500,.550,0,0,,4,2,6,1,1,2,2,1,11,
Tyler Herro,SG,20,MIA,9,3,263,41,98,.418,16,43,.372,25,55,.455,.500,20,24,.833,2,41,43,20,8,0,16,12,118,
Mario Hezonja,SF,24,POR,12,4,267,22,69,.319,8,25,.320,14,44,.318,.377,14,17,.824,11,59,70,13,11,2,13,31,66,
Buddy Hield,SG,27,SAC,10,10,309,68,165,.412,34,90,.378,34,75,.453,.515,13,15,.867,8,35,43,15,6,5,28,25,183,
George Hill,PG,33,MIL,10,0,229,37,66,.561,15,26,.577,22,40,.550,.674,12,17,.706,13,18,31,29,9,1,5,18,101,
Solomon Hill,SF,28,MEM,9,0,156,20,44,.455,12,26,.462,8,18,.444,.591,7,12,.583,4,22,26,15,7,1,9,15,59,
Jaylen Hoard,SF,20,POR,1,0,0,0,0,,0,0,,0,0,,,0,0,,0,1,1,0,0,0,0,0,0,
Aaron Holiday,PG,23,IND,9,4,187,25,65,.385,13,29,.448,12,36,.333,.485,7,8,.875,3,18,21,24,8,1,9,15,70,
Jrue Holiday,SG,29,NOP,8,8,280,44,121,.364,10,43,.233,34,78,.436,.405,19,25,.760,6,37,43,58,15,6,23,20,117,
Justin Holiday,SG,30,IND,11,0,259,22,64,.344,13,42,.310,9,22,.409,.445,9,12,.750,5,38,43,14,7,9,7,22,66,
Rondae Hollis-Jefferson,SF,25,TOR,4,0,74,14,25,.560,0,0,,14,25,.560,.560,8,10,.800,11,12,23,4,4,2,6,10,36,
Richaun Holmes,C,26,SAC,10,6,257,45,69,.652,0,0,,45,69,.652,.652,11,16,.688,25,48,73,9,7,14,10,38,101,
Rodney Hood,SF,27,POR,10,10,296,43,86,.500,20,41,.488,23,45,.511,.616,14,17,.824,7,30,37,6,8,4,11,24,120,
Al Horford,PF,33,PHI,10,10,316,63,144,.438,16,50,.320,47,94,.500,.493,15,24,.625,21,54,75,38,10,10,13,31,157,
Danuel House,SF,26,HOU,10,9,292,38,80,.475,25,55,.455,13,25,.520,.631,17,21,.810,7,42,49,7,12,10,10,20,118,
Dwight Howard,C,34,LAL,11,0,224,37,49,.755,0,0,,37,49,.755,.755,11,21,.524,24,60,84,13,5,17,13,46,85,
Kevin Huerter,SG,21,ATL,10,3,225,32,75,.427,17,44,.386,15,31,.484,.540,12,15,.800,6,29,35,28,6,3,17,21,93,
De'Andre Hunter,SF,22,ATL,10,10,298,33,88,.375,12,38,.316,21,50,.420,.443,14,19,.737,5,40,45,15,4,3,14,22,92,
Chandler Hutchison,SF,23,CHI,4,2,78,12,22,.545,3,5,.600,9,17,.529,.614,7,14,.500,1,13,14,2,2,2,5,11,34,
Serge Ibaka,C,30,TOR,8,0,183,44,84,.524,5,16,.313,39,68,.574,.554,19,23,.826,7,45,52,6,5,10,17,19,112,
Ersan İlyasova,PF,32,MIL,10,0,168,21,52,.404,8,30,.267,13,22,.591,.481,10,12,.833,11,42,53,5,5,5,5,23,60,
Joe Ingles,SF,32,UTA,11,1,310,25,74,.338,14,50,.280,11,24,.458,.432,12,14,.857,2,42,44,39,8,2,15,28,76,
Brandon Ingram,PF,22,NOP,9,9,289,87,162,.537,23,49,.469,64,113,.566,.608,36,50,.720,10,56,66,35,7,8,28,27,233,
Kyrie Irving,PG,27,BRK,10,10,337,104,232,.448,30,86,.349,74,146,.507,.513,59,63,.937,9,44,53,70,11,6,26,28,297,
Jonathan Isaac,SF,22,ORL,11,11,337,49,99,.495,14,39,.359,35,60,.583,.566,21,23,.913,13,59,72,18,14,31,18,24,133,
Wesley Iwundu,SF,25,ORL,3,0,28,1,11,.091,0,5,.000,1,6,.167,.091,2,4,.500,1,7,8,1,0,0,2,1,4,
Frank Jackson,PG,21,NOP,10,0,181,36,87,.414,12,38,.316,24,49,.490,.483,16,20,.800,3,8,11,15,8,1,15,20,100,
Jaren Jackson,C,20,MEM,10,10,267,54,112,.482,15,40,.375,39,72,.542,.549,20,25,.800,14,38,52,15,5,11,23,38,143,
Justin Jackson,SF,24,DAL,10,0,134,23,46,.500,10,22,.455,13,24,.542,.609,8,10,.800,6,19,25,3,1,0,4,9,64,
Reggie Jackson,PG,29,DET,2,2,36,4,11,.364,1,5,.200,3,6,.500,.409,1,1,1.000,1,4,5,8,0,0,1,2,10,
Justin James,SG,23,SAC,3,0,12,3,7,.429,0,2,.000,3,5,.600,.429,1,4,.250,0,2,2,1,1,1,0,0,7,
LeBron James,SF,35,LAL,11,11,380,99,208,.476,17,56,.304,82,152,.539,.517,48,70,.686,11,77,88,122,12,7,37,16,263,
Amile Jefferson,PF,26,ORL,2,0,9,3,3,1.000,0,0,,3,3,1.000,1.000,0,0,,2,1,3,2,0,0,1,0,6,
Alize Johnson,PF,23,IND,3,0,24,2,4,.500,0,0,,2,4,.500,.500,1,1,1.000,3,3,6,1,0,0,0,3,5,
Cameron Johnson,SF,23,PHO,8,0,129,21,46,.457,12,30,.400,9,16,.563,.587,5,6,.833,5,17,22,5,3,2,5,15,59,
James Johnson,PF,32,MIA,4,0,57,8,17,.471,2,8,.250,6,9,.667,.529,2,4,.500,2,8,10,4,3,2,3,4,20,
Stanley Johnson,SF,23,TOR,5,0,19,3,9,.333,1,4,.250,2,5,.400,.389,0,0,,2,5,7,0,1,0,4,6,7,
Tyler Johnson,PG,27,PHO,10,0,185,29,67,.433,13,33,.394,16,34,.471,.530,8,10,.800,1,12,13,17,2,1,9,15,79,
Nikola Jokić,C,24,DEN,10,10,312,66,151,.437,11,49,.224,55,102,.539,.474,27,36,.750,18,72,90,61,14,7,25,34,170,
Damian Jones,C,24,ATL,9,1,132,20,29,.690,1,2,.500,19,27,.704,.707,3,6,.500,9,15,24,5,4,5,3,22,44,
Derrick Jones,SF,22,MIA,4,0,57,12,20,.600,1,4,.250,11,16,.688,.625,3,3,1.000,3,5,8,2,3,0,2,11,28,
Tyus Jones,PG,23,MEM,11,1,239,33,81,.407,4,23,.174,29,58,.500,.432,13,19,.684,0,14,14,55,12,0,18,15,83,
DeAndre Jordan,C,31,BRK,9,3,202,32,49,.653,0,0,,32,49,.653,.653,10,19,.526,22,72,94,18,5,11,12,22,74,
Cory Joseph,PG,28,SAC,10,1,193,24,59,.407,4,14,.286,20,45,.444,.441,9,9,1.000,8,15,23,23,4,6,14,20,61,
Mfiondu Kabengele,C,22,LAC,3,0,7,1,2,.500,1,2,.500,0,0,,.750,0,0,,0,1,1,0,0,1,0,1,3,
Frank Kaminsky,C,26,PHO,10,0,242,32,83,.386,7,35,.200,25,48,.521,.428,27,38,.711,7,53,60,24,3,4,15,22,98,
Enes Kanter,C,27,BOS,3,2,56,10,14,.714,0,1,.000,10,13,.769,.714,7,13,.538,8,10,18,4,1,0,1,5,27,
Luke Kennard,SG,23,DET,12,9,404,74,163,.454,36,87,.414,38,76,.500,.564,43,49,.878,4,41,45,50,5,0,19,26,227,
Stanton Kidd,SF,27,UTA,4,0,15,0,3,.000,0,1,.000,0,2,.000,.000,0,0,,0,3,3,1,0,0,2,3,0,
Michael Kidd-Gilchrist,SF,26,CHO,1,0,10,2,7,.286,1,1,1.000,1,6,.167,.357,0,0,,1,3,4,0,0,0,1,1,5,
Maxi Kleber,PF,28,DAL,9,4,248,31,68,.456,17,42,.405,14,26,.538,.581,13,15,.867,15,44,59,11,2,10,7,22,92,
Brandon Knight,PG,28,CLE,3,0,38,5,15,.333,5,13,.385,0,2,.000,.500,1,2,.500,0,3,3,7,1,0,3,6,16,
Kevin Knox,SF,20,NYK,11,0,260,36,86,.419,20,45,.444,16,41,.390,.535,21,32,.656,8,29,37,17,8,3,9,23,113,
John Konchar,SG,23,MEM,1,0,7,0,0,,0,0,,0,0,,,0,0,,0,0,0,0,0,0,0,0,0,
Furkan Korkmaz,SG,22,PHI,11,3,251,38,83,.458,22,54,.407,16,29,.552,.590,9,12,.750,2,23,25,9,2,4,9,18,107,
Luke Kornet,C,24,CHI,10,0,116,15,43,.349,5,23,.217,10,20,.500,.407,5,5,1.000,5,14,19,6,1,7,3,10,40,
Kyle Korver,SG,38,MIL,8,0,127,20,44,.455,17,35,.486,3,9,.333,.648,3,5,.600,4,10,14,1,2,1,7,9,60,
Rodions Kurucs,SF,21,BRK,8,0,92,7,18,.389,3,4,.750,4,14,.286,.472,2,6,.333,5,15,20,1,4,0,11,15,19,
Kyle Kuzma,PF,24,LAL,7,1,161,37,81,.457,12,42,.286,25,39,.641,.531,10,13,.769,4,25,29,4,1,1,13,15,96,
Skal Labissière,PF,23,POR,12,0,178,24,47,.511,0,1,.000,24,46,.522,.511,10,16,.625,24,29,53,12,2,11,15,31,58,
Jeremy Lamb,SG,27,IND,5,5,165,31,68,.456,6,21,.286,25,47,.532,.500,17,20,.850,5,27,32,11,7,4,6,14,85,
Romeo Langford,SG,20,BOS,1,0,0,0,0,,0,0,,0,0,,,0,0,,0,0,0,0,0,0,0,0,0,
Zach LaVine,SG,24,CHI,11,11,352,81,188,.431,26,72,.361,55,116,.474,.500,32,42,.762,13,33,46,46,14,6,37,29,220,
Jake Layman,PF,25,MIN,11,0,291,47,105,.448,16,45,.356,31,60,.517,.524,6,9,.667,10,21,31,8,11,8,13,26,116,
T.J. Leaf,PF,22,IND,9,1,112,15,39,.385,2,6,.333,13,33,.394,.410,3,4,.750,13,22,35,4,4,3,5,13,35,
Courtney Lee,SG,34,DAL,3,3,26,4,9,.444,0,3,.000,4,6,.667,.444,0,0,,0,1,1,0,0,0,0,2,8,
Damion Lee,SG,27,GSW,11,0,241,35,91,.385,12,35,.343,23,56,.411,.451,28,33,.848,9,34,43,20,8,0,13,18,110,
Alex Len,C,26,ATL,10,9,178,20,50,.400,3,19,.158,17,31,.548,.430,10,17,.588,12,35,47,9,3,15,10,22,53,
Kawhi Leonard,SF,28,LAC,9,9,292,85,193,.440,14,49,.286,71,144,.493,.477,57,67,.851,12,68,80,54,19,9,37,22,241,
Meyers Leonard,C,27,MIA,10,10,196,29,47,.617,11,17,.647,18,30,.600,.734,4,7,.571,4,36,40,8,5,6,11,28,73,
Caris LeVert,SG,25,BRK,9,9,284,59,140,.421,13,36,.361,46,104,.442,.468,20,31,.645,10,35,45,36,6,1,31,20,151,
Damian Lillard,PG,29,POR,12,12,461,118,245,.482,44,114,.386,74,131,.565,.571,86,94,.915,5,52,57,83,15,8,34,25,366,
Nassir Little,SF,19,POR,5,1,56,6,19,.316,1,6,.167,5,13,.385,.342,2,2,1.000,3,7,10,0,2,2,1,9,15,
Kevon Looney,C,23,GSW,1,1,10,1,4,.250,1,1,1.000,0,3,.000,.375,0,0,,5,4,9,1,0,0,1,3,3,
Brook Lopez,C,31,MIL,10,10,273,34,88,.386,16,54,.296,18,34,.529,.477,19,21,.905,5,38,43,16,6,22,12,27,103,
Robin Lopez,C,31,MIL,10,0,145,15,35,.429,3,16,.188,12,19,.632,.471,5,11,.455,4,17,21,6,2,5,10,16,38,
Kevin Love,PF,31,CLE,10,10,328,55,120,.458,20,59,.339,35,61,.574,.542,55,63,.873,11,118,129,34,7,5,31,17,185,
Kyle Lowry,PG,33,TOR,8,8,289,54,113,.478,29,68,.426,25,45,.556,.606,37,42,.881,2,32,34,52,9,3,27,23,174,
Trey Lyles,PF,24,SAS,11,11,223,20,41,.488,7,19,.368,13,22,.591,.573,4,7,.571,20,68,88,15,2,3,9,15,51,
Daryl Macon,SG,24,MIA,2,0,8,1,1,1.000,1,1,1.000,0,0,,1.500,0,0,,0,0,0,0,0,0,0,1,3,
Josh Magette,PG,30,ORL,1,0,6,2,4,.500,0,0,,2,4,.500,.500,0,0,,1,0,1,1,1,0,0,0,4,
Thon Maker,C,22,DET,12,0,174,15,30,.500,4,10,.400,11,20,.550,.567,12,20,.600,7,20,27,5,4,11,8,21,46,
Terance Mann,SG,23,LAC,7,0,16,3,4,.750,0,0,,3,4,.750,.750,0,0,,1,4,5,5,1,0,2,3,6,
Boban Marjanović,C,31,DAL,4,1,44,11,22,.500,0,0,,11,22,.500,.500,3,4,.750,7,13,20,3,1,1,5,6,25,
Lauri Markkanen,PF,22,CHI,11,11,333,51,132,.386,18,66,.273,33,66,.500,.455,42,51,.824,11,71,82,23,11,6,25,16,162,
Caleb Martin,SF,24,CHO,3,0,25,2,9,.222,0,3,.000,2,6,.333,.222,1,3,.333,0,4,4,3,1,2,3,2,5,
Cody Martin,SF,24,CHO,10,0,135,11,27,.407,1,11,.091,10,16,.625,.426,12,15,.800,4,22,26,10,8,1,3,14,35,
Kelan Martin,SF,24,MIN,1,0,5,0,3,.000,0,1,.000,0,2,.000,.000,0,0,,0,1,1,0,0,0,0,1,0,
Garrison Mathews,SG,23,WAS,2,0,14,0,2,.000,0,2,.000,0,0,,.000,0,0,,0,1,1,2,0,0,1,3,0,
Wesley Matthews,SG,33,MIL,10,10,242,24,56,.429,14,42,.333,10,14,.714,.554,2,3,.667,1,18,19,10,9,1,5,9,64,
Patrick McCaw,SF,24,TOR,2,0,40,3,5,.600,1,3,.333,2,2,1.000,.700,1,2,.500,2,4,6,3,3,0,3,3,8,
CJ McCollum,SG,28,POR,12,12,450,98,241,.407,20,64,.313,78,177,.441,.448,25,32,.781,11,42,53,37,9,7,28,39,241,
T.J. McConnell,PG,27,IND,11,0,187,32,66,.485,0,1,.000,32,65,.492,.485,4,4,1.000,6,27,33,49,6,3,14,14,68,
Jalen McDaniels,PF,22,CHO,1,0,3,1,2,.500,0,0,,1,2,.500,.500,0,0,,1,0,1,0,0,0,0,0,2,
Doug McDermott,PF,28,IND,11,0,227,37,86,.430,18,44,.409,19,42,.452,.535,6,7,.857,5,24,29,16,2,1,12,22,98,
JaVale McGee,C,32,LAL,11,11,183,40,60,.667,0,0,,40,60,.667,.667,6,11,.545,21,43,64,11,6,13,13,21,86,
Rodney McGruder,SG,28,LAC,7,0,91,3,13,.231,1,6,.167,2,7,.286,.269,0,2,.000,2,9,11,2,1,1,4,11,7,
Alfonzo McKinnie,SF,27,CLE,5,0,17,1,1,1.000,1,1,1.000,0,0,,1.500,0,0,,1,3,4,0,0,0,1,3,3,
Jordan McLaughlin,PG,23,MIN,4,0,57,4,15,.267,1,8,.125,3,7,.429,.300,2,2,1.000,1,6,7,8,1,0,4,4,11,
Ben McLemore,SG,26,HOU,11,1,177,18,54,.333,15,49,.306,3,5,.600,.472,8,11,.727,2,9,11,9,6,1,4,18,59,
Jordan McRae,SG,28,WAS,4,0,45,7,13,.538,1,3,.333,6,10,.600,.577,2,2,1.000,1,8,9,4,0,0,3,9,17,
Nicolò Melli,C,29,NOP,8,3,101,15,31,.484,5,18,.278,10,13,.769,.565,8,10,.800,5,13,18,7,1,2,10,12,43,
De'Anthony Melton,PG,21,MEM,4,0,35,5,15,.333,1,5,.200,4,10,.400,.367,0,2,.000,1,3,4,5,4,0,4,1,11,
Chimezie Metu,PF,22,SAS,4,0,18,6,11,.545,0,0,,6,11,.545,.545,1,2,.500,7,3,10,2,0,2,0,0,13,
Khris Middleton,SF,28,MIL,10,10,308,65,139,.468,24,61,.393,41,78,.526,.554,31,35,.886,7,50,57,29,8,1,23,30,185,
C.J. Miles,SG,32,WAS,4,0,71,9,30,.300,4,17,.235,5,13,.385,.367,5,5,1.000,3,7,10,5,2,3,0,8,27,
Malcolm Miller,SG,26,TOR,3,1,17,0,2,.000,0,2,.000,0,0,,.000,0,0,,0,4,4,1,0,0,1,2,0,
Patty Mills,PG,31,SAS,11,0,230,45,93,.484,23,51,.451,22,42,.524,.608,19,23,.826,3,13,16,18,9,0,14,19,132,
Paul Millsap,PF,34,DEN,10,10,269,40,89,.449,13,26,.500,27,63,.429,.522,35,37,.946,19,42,61,13,6,8,10,29,128,
Shake Milton,SG,23,PHI,4,0,35,7,17,.412,4,12,.333,3,5,.600,.529,4,5,.800,0,3,3,4,0,0,4,7,22,
Donovan Mitchell,SG,23,UTA,11,11,382,104,215,.484,20,49,.408,84,166,.506,.530,48,61,.787,14,43,57,45,17,1,26,28,276,
Naz Mitrou-Long,SG,26,IND,1,0,3,0,1,.000,0,1,.000,0,0,,.000,0,0,,0,0,0,1,0,1,0,0,0,
Malik Monk,SG,21,CHO,11,0,223,40,82,.488,11,37,.297,29,45,.644,.555,10,13,.769,2,28,30,26,3,3,19,20,101,
E'Twaun Moore,SG,30,NOP,5,0,83,16,36,.444,3,13,.231,13,23,.565,.486,4,5,.800,3,9,12,5,2,0,2,7,39,
Ja Morant,PG,20,MEM,10,10,275,71,147,.483,8,18,.444,63,129,.488,.510,33,45,.733,11,22,33,58,10,2,40,22,183,
Marcus Morris,PF,30,NYK,11,11,375,64,156,.410,27,64,.422,37,92,.402,.497,48,59,.814,11,55,66,13,12,8,25,36,203,
Markieff Morris,PF,30,DET,12,11,314,52,112,.464,20,49,.408,32,63,.508,.554,19,26,.731,4,42,46,23,9,1,27,34,143,
Monte Morris,PG,24,DEN,10,0,178,28,69,.406,4,10,.400,24,59,.407,.435,8,9,.889,1,14,15,34,3,2,5,5,68,
Johnathan Motley,PF,24,LAC,2,0,4,1,3,.333,1,1,1.000,0,2,.000,.500,0,0,,1,1,2,2,0,0,2,1,3,
Emmanuel Mudiay,PG,23,UTA,8,0,143,31,62,.500,3,13,.231,28,49,.571,.524,15,18,.833,1,20,21,24,4,3,16,12,80,
Dejounte Murray,PG,23,SAS,10,10,227,40,86,.465,2,10,.200,38,76,.500,.477,27,34,.794,12,61,73,47,14,5,28,23,109,
Jamal Murray,PG,22,DEN,10,10,336,70,157,.446,15,45,.333,55,112,.491,.494,32,37,.865,9,39,48,46,10,4,26,23,187,
Džanan Musa,SG,20,BRK,5,0,48,9,18,.500,1,9,.111,8,9,.889,.528,4,4,1.000,0,7,7,1,0,0,4,4,23,
Mike Muscala,C,28,OKC,10,0,120,11,40,.275,8,34,.235,3,6,.500,.375,5,6,.833,4,20,24,12,1,3,5,17,35,
Sviatoslav Mykhailiuk,SG,22,DET,7,0,93,10,23,.435,9,17,.529,1,6,.167,.630,2,2,1.000,1,8,9,8,0,1,9,6,31,
Abdel Nader,SF,26,OKC,5,0,61,6,20,.300,3,11,.273,3,9,.333,.375,3,4,.750,2,8,10,3,0,1,8,5,18,
Larry Nance,C,27,CLE,10,0,245,33,66,.500,10,27,.370,23,39,.590,.576,14,18,.778,15,54,69,12,10,4,11,19,90,
Shabazz Napier,PG,28,MIN,6,0,133,13,43,.302,7,31,.226,6,12,.500,.384,14,16,.875,1,14,15,27,9,3,12,4,47,
Raul Neto,PG,27,PHI,10,2,143,22,41,.537,5,10,.500,17,31,.548,.598,2,2,1.000,1,12,13,20,6,2,13,5,51,
Georges Niang,PF,26,UTA,9,0,82,9,19,.474,4,13,.308,5,6,.833,.579,5,6,.833,0,9,9,4,0,0,4,14,27,
Nerlens Noel,C,25,OKC,11,3,194,31,48,.646,0,0,,31,48,.646,.646,14,17,.824,10,33,43,19,9,19,13,29,76,
Zach Norvell,SG,22,LAL,2,0,5,0,1,.000,0,0,,0,1,.000,.000,0,0,,0,1,1,0,0,0,0,0,0,
Jaylen Nowell,SG,20,MIN,1,0,1,0,0,,0,0,,0,0,,,0,0,,0,0,0,0,0,0,0,0,0,
Frank Ntilikina,PG,21,NYK,10,6,247,20,54,.370,8,22,.364,12,32,.375,.444,3,6,.500,5,20,25,29,15,9,13,22,51,
Kendrick Nunn,SG,24,MIA,10,10,292,65,145,.448,23,60,.383,42,85,.494,.528,16,19,.842,1,22,23,28,16,3,23,25,169,
David Nwaba,SG,27,BRK,7,0,85,5,9,.556,1,3,.333,4,6,.667,.611,5,8,.625,2,16,18,3,2,6,5,13,16,
Royce O'Neale,PF,26,UTA,11,10,308,25,45,.556,12,23,.522,13,22,.591,.689,6,6,1.000,1,46,47,23,7,4,12,32,68,
Kyle O'Quinn,C,29,PHI,10,0,100,16,31,.516,5,12,.417,11,19,.579,.597,2,6,.333,13,22,35,14,2,6,9,16,39,
Semi Ojeleye,PF,25,BOS,10,0,94,4,12,.333,1,5,.200,3,7,.429,.375,3,5,.600,2,10,12,2,1,0,1,9,12,
Jahlil Okafor,C,24,NOP,9,5,159,35,54,.648,0,0,,35,54,.648,.648,19,28,.679,16,28,44,11,4,10,15,25,89,
Elie Okobo,PG,22,PHO,5,0,17,4,7,.571,1,3,.333,3,4,.750,.643,2,4,.500,0,2,2,4,1,0,0,1,11,
Josh Okogie,SG,21,MIN,11,2,274,29,71,.408,6,25,.240,23,46,.500,.451,30,43,.698,21,42,63,22,15,3,18,28,94,
KZ Okpala,SF,20,MIA,2,0,3,0,0,,0,0,,0,0,,,0,0,,0,1,1,0,0,0,1,0,0,
Kelly Olynyk,C,28,MIA,10,0,224,25,68,.368,15,42,.357,10,26,.385,.478,11,14,.786,8,41,49,20,10,5,14,37,76,
Miye Oni,SG,22,UTA,1,0,2,0,0,,0,0,,0,0,,,0,0,,0,0,0,0,0,0,0,0,0,
Cedi Osman,SF,24,CLE,10,10,306,33,80,.413,18,44,.409,15,36,.417,.525,4,6,.667,3,25,28,22,11,2,10,24,88,
Kelly Oubre,SF,24,PHO,10,10,291,55,117,.470,13,37,.351,42,80,.525,.526,33,42,.786,14,39,53,15,9,8,16,33,156,
Jabari Parker,PF,24,ATL,10,5,274,74,134,.552,11,41,.268,63,93,.677,.593,19,27,.704,18,42,60,16,8,7,19,32,178,
Eric Paschall,PF,23,GSW,11,5,337,64,123,.520,6,25,.240,58,98,.592,.545,37,42,.881,12,35,47,14,6,4,14,21,171,
Patrick Patterson,PF,30,LAC,11,11,213,19,54,.352,15,40,.375,4,14,.286,.491,2,4,.500,11,29,40,12,2,1,6,13,55,
Justin Patton,C,22,OKC,1,0,6,0,2,.000,0,1,.000,0,1,.000,.000,0,0,,0,2,2,0,0,0,1,3,0,
Chris Paul,PG,34,OKC,11,11,324,54,120,.450,20,47,.426,34,73,.466,.533,40,48,.833,2,38,40,60,20,0,29,22,168,
Elfrid Payton,PG,25,NYK,4,3,102,11,29,.379,5,8,.625,6,21,.286,.466,5,6,.833,3,9,12,15,10,0,7,8,32,
Theo Pinson,SG,24,BRK,2,0,10,1,4,.250,0,3,.000,1,1,1.000,.250,2,2,1.000,0,2,2,3,1,0,1,0,4,
Mason Plumlee,C,29,DEN,10,0,164,22,38,.579,0,1,.000,22,37,.595,.579,14,26,.538,17,39,56,24,7,7,13,29,58,
Vincent Poirier,C,26,BOS,5,0,29,3,8,.375,0,0,,3,8,.375,.375,1,2,.500,5,3,8,3,1,2,3,6,7,
Jakob Pöltl,C,24,SAS,11,0,159,18,35,.514,0,0,,18,35,.514,.514,9,16,.563,22,28,50,16,4,7,10,20,45,
Jordan Poole,SG,20,GSW,12,9,332,37,131,.282,20,71,.282,17,60,.283,.359,23,24,.958,2,24,26,24,10,3,19,30,117,
Kevin Porter,SG,19,CLE,9,0,168,19,54,.352,3,18,.167,16,36,.444,.380,14,14,1.000,4,19,23,9,3,4,9,19,55,
Michael Porter,PF,21,DEN,6,0,55,12,21,.571,2,5,.400,10,16,.625,.619,5,8,.625,6,8,14,1,0,0,3,5,31,
Otto Porter,SF,26,CHI,9,9,226,35,84,.417,16,40,.400,19,44,.432,.512,15,20,.750,8,23,31,14,9,3,7,20,101,
Bobby Portis,C,24,NYK,11,2,262,41,109,.376,9,30,.300,32,79,.405,.417,10,14,.714,29,56,85,16,9,4,11,21,101,
Kristaps Porziņģis,PF,24,DAL,9,9,283,59,147,.401,21,56,.375,38,91,.418,.473,26,38,.684,8,63,71,15,2,22,18,33,165,
Dwight Powell,PF,28,DAL,7,5,186,26,41,.634,1,4,.250,25,37,.676,.646,10,19,.526,18,20,38,8,5,3,10,21,63,
Norman Powell,SG,26,TOR,11,3,284,34,84,.405,11,41,.268,23,43,.535,.470,22,26,.846,5,42,47,14,7,5,15,17,101,
Julius Randle,PF,25,NYK,11,11,371,64,151,.424,8,38,.211,56,113,.496,.450,36,57,.632,31,75,106,42,9,2,43,36,172,
Cam Reddish,SF,20,ATL,10,8,235,19,76,.250,6,31,.194,13,45,.289,.289,11,14,.786,6,31,37,18,11,2,19,16,55,
J.J. Redick,SG,35,NOP,10,6,249,37,91,.407,30,66,.455,7,25,.280,.571,17,21,.810,2,17,19,14,4,5,18,16,121,
Josh Richardson,SG,26,PHI,11,11,370,57,137,.416,15,53,.283,42,84,.500,.471,27,32,.844,7,34,41,48,16,7,31,33,156,
Austin Rivers,SG,27,HOU,11,0,236,28,68,.412,16,43,.372,12,25,.480,.529,4,9,.444,6,21,27,14,0,1,4,19,76,
Duncan Robinson,PF,25,MIA,10,5,226,32,73,.438,22,56,.393,10,17,.588,.589,4,4,1.000,1,25,26,6,3,6,8,22,90,
Glenn Robinson,SF,26,GSW,12,12,369,51,104,.490,12,33,.364,39,71,.549,.548,12,14,.857,28,39,67,22,13,2,13,20,126,
Jerome Robinson,SG,22,LAC,6,0,41,6,17,.353,2,6,.333,4,11,.364,.412,0,0,,0,5,5,4,1,0,7,2,14,
Justin Robinson,PG,22,WAS,3,0,12,2,5,.400,1,1,1.000,1,4,.250,.500,0,0,,1,2,3,2,0,0,2,0,5,
Mitchell Robinson,C,21,NYK,7,6,123,28,39,.718,0,0,,28,39,.718,.718,11,15,.733,21,21,42,4,5,13,5,22,67,
Rajon Rondo,PG,33,LAL,1,0,14,2,6,.333,1,3,.333,1,3,.333,.417,0,0,,0,6,6,7,0,0,0,1,5,
Derrick Rose,PG,31,DET,7,1,170,53,102,.520,1,6,.167,52,96,.542,.525,24,27,.889,3,9,12,43,8,4,23,8,131,
Terrence Ross,SG,28,ORL,9,0,200,29,88,.330,13,53,.245,16,35,.457,.403,12,13,.923,4,24,28,11,9,2,14,17,83,
Terry Rozier,PG,25,CHO,11,11,350,65,156,.417,26,68,.382,39,88,.443,.500,29,35,.829,5,38,43,57,12,3,38,29,185,
Ricky Rubio,PG,29,PHO,9,9,293,45,106,.425,12,30,.400,33,76,.434,.481,28,32,.875,4,54,58,79,14,0,19,27,130,
D'Angelo Russell,SG,23,GSW,9,9,290,80,177,.452,27,73,.370,53,104,.510,.528,44,57,.772,2,32,34,60,7,4,25,15,231,
Domantas Sabonis,C,23,IND,9,9,314,73,141,.518,3,11,.273,70,130,.538,.528,29,34,.853,33,87,120,35,6,7,22,34,178,
JaKarr Sampson,SF,26,IND,7,6,142,21,37,.568,2,9,.222,19,28,.679,.595,2,7,.286,6,15,21,2,5,5,4,20,46,
Dario Šarić,PF,25,PHO,10,10,279,37,88,.420,17,45,.378,20,43,.465,.517,10,13,.769,13,47,60,22,12,2,15,21,101,
Tomáš Satoranský,PG,28,CHI,11,11,284,34,73,.466,12,25,.480,22,48,.458,.548,14,16,.875,9,21,30,57,13,2,22,25,94,
Admiral Schofield,SF,22,WAS,5,0,51,7,10,.700,4,7,.571,3,3,1.000,.900,4,4,1.000,2,6,8,1,0,0,0,3,22,
Dennis Schröder,PG,26,OKC,11,0,317,59,138,.428,14,47,.298,45,91,.495,.478,24,31,.774,7,47,54,49,13,3,32,34,156,
Mike Scott,PF,31,PHI,11,0,194,29,60,.483,12,32,.375,17,28,.607,.583,5,5,1.000,10,30,40,5,3,0,6,22,75,
Thabo Sefolosha,SF,35,HOU,9,0,98,6,23,.261,4,13,.308,2,10,.200,.348,0,0,,9,19,28,12,3,3,4,9,16,
Collin Sexton,PG,21,CLE,10,10,312,70,158,.443,19,48,.396,51,110,.464,.503,28,35,.800,7,24,31,23,6,1,18,26,187,
Landry Shamet,SG,22,LAC,10,10,294,30,77,.390,21,58,.362,9,19,.474,.526,10,10,1.000,0,15,15,17,4,1,12,31,91,
Pascal Siakam,PF,25,TOR,11,11,404,113,230,.491,25,67,.373,88,163,.540,.546,48,57,.842,19,82,101,42,8,6,34,39,299,
Chris Silva,PF,23,MIA,10,0,78,12,18,.667,0,1,.000,12,17,.706,.667,8,8,1.000,16,14,30,6,3,9,11,23,32,
Ben Simmons,PG,23,PHI,9,9,293,55,100,.550,0,0,,55,100,.550,.550,15,28,.536,9,42,51,59,23,5,32,28,125,
Anfernee Simons,SG,20,POR,12,0,259,52,110,.473,21,55,.382,31,55,.564,.568,16,20,.800,3,19,22,14,8,2,14,23,141,
Marcus Smart,SG,25,BOS,10,5,313,40,97,.412,26,67,.388,14,30,.467,.546,11,14,.786,5,28,33,47,11,5,8,25,117,
Dennis Smith,PG,22,NYK,4,0,40,1,14,.071,0,4,.000,1,10,.100,.071,1,2,.500,0,1,1,5,3,1,5,10,3,
Ish Smith,PG,31,WAS,9,5,227,28,67,.418,5,19,.263,23,48,.479,.455,4,7,.571,7,18,25,37,4,4,10,19,65,
Tony Snell,SF,28,DET,12,12,344,43,93,.462,30,66,.455,13,27,.481,.624,4,4,1.000,5,13,18,23,7,2,6,22,120,
Omari Spellman,PF,22,GSW,11,0,176,24,61,.393,3,14,.214,21,47,.447,.418,18,21,.857,27,34,61,15,9,6,14,12,69,
Edmond Sumner,PG,24,IND,3,2,67,9,18,.500,0,3,.000,9,15,.600,.500,3,5,.600,1,2,3,6,5,1,1,9,21,
Caleb Swanigan,PF,22,SAC,4,0,11,1,2,.500,0,0,,1,2,.500,.500,1,2,.500,1,3,4,0,1,2,3,3,3,
Jayson Tatum,PF,21,BOS,10,10,345,73,184,.397,25,62,.403,48,122,.393,.465,27,34,.794,16,56,72,25,15,6,18,24,198,
Jeff Teague,PG,31,MIN,7,6,181,32,62,.516,6,19,.316,26,43,.605,.565,27,31,.871,1,14,15,44,10,1,15,18,97,
Garrett Temple,SG,33,BRK,10,1,217,25,57,.439,15,42,.357,10,15,.667,.570,10,12,.833,5,19,24,16,12,5,6,15,75,
Daniel Theis,C,27,BOS,8,7,174,18,42,.429,2,9,.222,16,33,.485,.452,11,16,.688,10,41,51,10,2,17,6,27,49,
Isaiah Thomas,PG,30,WAS,7,4,169,37,84,.440,15,39,.385,22,45,.489,.530,8,8,1.000,1,13,14,44,2,2,18,13,97,
Khyri Thomas,SG,23,DET,2,0,6,0,0,,0,0,,0,0,,,1,2,.500,0,0,0,0,0,0,0,0,1,
Matt Thomas,SG,25,TOR,8,0,91,13,23,.565,9,17,.529,4,6,.667,.761,2,3,.667,1,7,8,3,3,0,4,10,37,
Tristan Thompson,C,28,CLE,10,10,335,71,131,.542,3,6,.500,68,125,.544,.553,20,34,.588,48,66,114,23,9,14,9,28,165,
Matisse Thybulle,SG,22,PHI,10,2,148,10,35,.286,6,22,.273,4,13,.308,.371,6,10,.600,3,8,11,11,16,11,15,26,32,
Anthony Tolliver,PF,34,POR,11,5,193,10,41,.244,8,33,.242,2,8,.250,.341,7,9,.778,7,31,38,8,3,4,8,11,35,
Karl-Anthony Towns,C,24,MIN,9,9,295,77,159,.484,33,81,.407,44,78,.564,.588,45,61,.738,25,83,108,38,13,14,23,31,232,
Gary Trent,SG,21,POR,7,0,59,6,18,.333,4,12,.333,2,6,.333,.444,0,0,,3,7,10,3,1,0,1,5,16,
Allonzo Trier,SG,24,NYK,8,1,117,16,34,.471,9,20,.450,7,14,.500,.603,16,21,.762,1,11,12,12,2,3,14,19,57,
P.J. Tucker,PF,34,HOU,11,11,379,40,78,.513,24,52,.462,16,26,.615,.667,8,9,.889,18,54,72,18,14,6,13,38,112,
Evan Turner,PG,31,ATL,3,0,34,4,7,.571,0,1,.000,4,6,.667,.571,4,5,.800,0,3,3,7,3,0,2,2,12,
Myles Turner,C,23,IND,4,4,126,22,40,.550,8,15,.533,14,25,.560,.650,7,9,.778,9,18,27,2,2,5,7,8,59,
Jonas Valančiūnas,C,27,MEM,11,11,248,59,115,.513,6,20,.300,53,95,.558,.539,17,18,.944,23,81,104,22,2,8,24,28,141,
Denzel Valentine,SG,26,CHI,2,0,6,1,5,.200,1,3,.333,0,2,.000,.300,0,0,,1,1,2,0,0,0,0,0,3,
Jarred Vanderbilt,PF,20,DEN,2,0,7,0,0,,0,0,,0,0,,,0,0,,0,1,1,1,0,0,1,0,0,
Fred VanVleet,SG,25,TOR,11,11,423,59,154,.383,28,69,.406,31,85,.365,.474,42,46,.913,1,45,46,84,18,2,26,26,188,
Noah Vonleh,C,24,MIN,11,0,147,18,35,.514,1,8,.125,17,27,.630,.529,11,13,.846,11,30,41,10,4,3,9,16,48,
Nikola Vučević,C,29,ORL,11,11,350,79,174,.454,11,41,.268,68,133,.511,.486,27,32,.844,27,100,127,34,9,10,15,22,196,
Moritz Wagner,C,22,WAS,9,0,160,35,61,.574,7,19,.368,28,42,.667,.631,21,24,.875,12,32,44,3,6,10,22,36,98,
Kemba Walker,PG,29,BOS,10,10,338,76,180,.422,44,99,.444,32,81,.395,.544,54,59,.915,12,39,51,46,9,7,20,21,250,
Lonnie Walker,SG,21,SAS,7,0,29,2,12,.167,0,2,.000,2,10,.200,.167,1,3,.333,1,7,8,2,0,1,3,4,5,
Tyrone Wallace,SG,25,ATL,7,0,89,11,25,.440,0,7,.000,11,18,.611,.440,9,15,.600,3,13,16,6,2,0,7,13,31,
Taurean Waller-Prince,SF,25,BRK,10,10,309,46,104,.442,28,65,.431,18,39,.462,.577,11,16,.688,10,53,63,12,12,4,20,28,131,
Derrick Walton,PG,24,LAC,2,0,3,0,0,,0,0,,0,0,,,0,0,,0,0,0,0,0,0,0,0,0,
Brad Wanamaker,PG,30,BOS,10,0,131,18,33,.545,2,7,.286,16,26,.615,.576,14,15,.933,2,17,19,21,7,1,10,15,52,
T.J. Warren,SF,26,IND,11,11,379,89,168,.530,8,28,.286,81,140,.579,.554,17,22,.773,7,29,36,15,16,4,14,29,203,
PJ Washington,PF,21,CHO,11,11,342,52,105,.495,18,39,.462,34,66,.515,.581,18,25,.720,12,53,65,15,14,9,17,24,140,
Yuta Watanabe,SG,25,MEM,1,0,3,2,2,1.000,0,0,,2,2,1.000,1.000,0,0,,0,1,1,0,0,0,0,1,4,
Russell Westbrook,PG,31,HOU,10,10,326,82,181,.453,11,49,.224,71,132,.538,.483,39,59,.661,13,67,80,69,18,4,43,35,214,
Coby White,PG,19,CHI,11,0,267,50,136,.368,18,63,.286,32,73,.438,.434,20,27,.741,2,34,36,25,7,0,14,12,138,
Derrick White,PG,25,SAS,11,1,260,43,93,.462,10,25,.400,33,68,.485,.516,28,34,.824,8,24,32,26,5,8,10,31,124,
Hassan Whiteside,C,30,POR,11,11,303,66,115,.574,0,0,,66,115,.574,.574,31,42,.738,45,89,134,11,4,19,21,33,163,
Andrew Wiggins,SF,24,MIN,11,11,382,110,230,.478,26,72,.361,84,158,.532,.535,39,53,.736,14,42,56,40,8,12,17,23,285,
Grant Williams,PF,21,BOS,10,0,153,8,31,.258,0,14,.000,8,17,.471,.258,11,14,.786,9,18,27,12,6,7,7,20,27,
Kenrich Williams,PF,25,NOP,10,2,205,22,49,.449,12,32,.375,10,17,.588,.571,5,11,.455,15,32,47,17,9,6,4,27,61,
Lou Williams,SG,33,LAC,11,2,360,78,193,.404,18,54,.333,60,139,.432,.451,69,82,.841,8,36,44,60,4,3,31,16,243,
Marvin Williams,PF,33,CHO,11,0,186,22,48,.458,11,29,.379,11,19,.579,.573,9,12,.750,5,19,24,6,5,3,6,13,64,
Robert Williams,C,22,BOS,8,1,128,21,27,.778,0,0,,21,27,.778,.778,5,9,.556,9,30,39,15,8,13,6,21,47,
Nigel Williams-Goss,PG,25,UTA,4,0,8,0,2,.000,0,1,.000,0,1,.000,.000,0,0,,0,0,0,1,0,0,1,1,0,
D.J. Wilson,PF,23,MIL,4,0,17,2,9,.222,1,7,.143,1,2,.500,.278,0,0,,0,4,4,2,0,0,1,1,5,
Justise Winslow,SF,23,MIA,5,5,181,28,72,.389,3,12,.250,25,60,.417,.410,10,17,.588,9,31,40,24,5,3,16,17,69,
Christian Wood,PF,24,DET,10,0,158,30,50,.600,9,17,.529,21,33,.636,.690,17,27,.630,9,30,39,3,3,9,9,7,86,
Delon Wright,SG,27,DAL,10,2,236,32,61,.525,6,16,.375,26,45,.578,.574,12,14,.857,5,31,36,37,11,2,6,12,82,
Thaddeus Young,PF,31,CHI,11,0,251,46,99,.465,13,41,.317,33,58,.569,.530,5,12,.417,14,30,44,17,13,3,15,18,110,
Trae Young,PG,21,ATL,9,9,302,83,179,.464,33,82,.402,50,97,.515,.556,53,66,.803,6,33,39,78,14,1,45,10,252,
Cody Zeller,C,27,CHO,10,10,270,52,94,.553,7,22,.318,45,72,.625,.590,21,30,.700,36,60,96,14,7,3,15,27,132,
Ivica Zubac,C,22,LAC,11,10,172,38,63,.603,0,0,,38,63,.603,.603,23,28,.821,26,48,74,7,3,14,9,20,99,